   2.0000000e+00   8.2084817e-01   2.7969154e-01  -9.3380864e-01   5.3144612e-01  -2.8994726e-01   8.1788159e-02   7.1894153e-01  -2.5073776e-01  -2.2245984e+00   1.3935927e+00
   2.0000000e+00  -2.3733721e-01   1.2345726e-01  -1.4721919e-01  -1.6900814e-01  -1.9069885e+00   4.1215031e-01  -4.7651997e-01   4.9738528e-02  -5.7889752e-01   1.4744955e+00
   2.0000000e+00  -1.0041435e+00  -3.6346944e-01  -2.3687825e+00   1.8879500e-01   6.4936194e-01  -6.6304273e-01  -1.5659375e+00   1.2787728e+00  -1.4970789e+00   1.2790873e+00
   2.0000000e+00  -3.0372815e-01  -2.5725647e-02  -1.2750061e+00  -6.0976502e-01   3.0637232e-01   1.9694900e-01   1.8179393e-01  -1.6840468e+00   2.0558445e+00   7.6950881e-01
   2.0000000e+00  -7.5095287e-01  -1.4333614e+00   1.1479956e+00   1.2860108e+00   1.3051211e+00   6.6418139e-01  -8.1568361e-01   8.0474361e-01  -1.8591791e+00  -1.4819727e-01
   2.0000000e+00  -6.2746848e-01  -8.5138859e-01   1.3418279e-01   2.3132113e-01  -8.3531895e-03   8.4643330e-02  -2.6657283e+00   6.8228473e-01  -7.5396076e-01  -3.0347661e-02
   2.0000000e+00  -6.7394991e-01   7.1673061e-01   1.0714988e+00   1.6309862e+00   1.1085743e+00  -1.5397265e-01  -6.2377412e-03   1.8304254e+00   4.1680075e-02  -1.3816131e+00
   2.0000000e+00  -1.5542832e+00  -1.5765438e+00   1.1192469e+00  -4.9441041e-01  -4.2777644e-01   1.1568927e+00   8.0212657e-01   3.2051012e+00  -4.5837316e-01   4.2574188e-01
   2.0000000e+00  -1.1561795e+00   7.3715355e-01   2.6096183e-01  -2.9296183e-02  -1.1602681e+00  -1.2786534e+00   7.8702894e-01   6.1201587e-01   9.0651568e-01  -5.2044452e-01
   2.0000000e+00   1.6306715e+00  -1.7939406e-01   7.6205025e-01   4.7136960e-01  -9.4830652e-02  -1.1796843e+00   1.5178384e-01  -5.7114352e-02  -6.4572091e-01  -6.0700738e-01
   2.0000000e+00  -2.0482608e+00  -5.2612860e-01   1.4903133e-01   8.0658608e-01  -6.3983454e-01  -1.4887770e+00  -2.8493597e-01  -1.9898956e+00  -1.0003960e-01   9.7146809e-02
   2.0000000e+00   4.8445763e-01   1.8677355e+00   3.9684208e-02  -4.0961715e-01   3.0095587e-01  -3.6572443e-03   2.2238718e-01  -1.1242978e+00  -2.8447377e-01  -1.4992898e-01
   1.0000000e+00  -3.4887791e-01   6.6398098e-02   3.4836468e-01  -1.1736223e+00   3.4490664e-01   6.9921875e-01   1.3636122e+00  -7.7971143e-01   4.9382587e-01  -3.9243389e-01
   2.0000000e+00  -8.3078845e-01   2.2291271e-01   1.6314500e+00  -4.6383750e-01  -1.5040953e+00   1.5876358e+00   8.6281166e-01  -3.3551731e-01   5.1015057e-02  -7.0965229e-01
   1.0000000e+00  -1.0840398e+00  -6.5527022e-01   1.6791716e+00   1.4039345e+00   6.3545767e-01   1.0059165e+00  -1.3614300e-01  -6.2042308e-01   1.0241141e-01  -1.3681838e+00
   2.0000000e+00  -1.3219278e+00  -9.8547979e-01   1.1971599e+00   7.0633219e-01   8.2771885e-01   1.7400404e-01  -5.2851394e-01  -7.8073109e-01   3.5028820e-01  -1.2781882e-01
   2.0000000e+00   5.5515954e-01   4.2449897e-01  -1.7573351e+00   1.7086706e+00   6.0092344e-01   1.5454376e+00   1.8618115e+00   1.9301191e+00   8.4092346e-01  -3.9335063e-01
   2.0000000e+00  -9.2312000e-01   6.7414354e-02   1.9732743e+00   3.4166437e-01  -4.1291846e-01   3.4658408e-01   1.1825040e+00  -4.9241279e-01   1.0253397e+00  -2.2942364e+00
   1.0000000e+00   1.4995976e+00  -2.8668828e-01   1.4749131e-01   2.6705542e+00   7.7120358e-01  -1.0674617e+00  -5.7266969e-01   2.6054189e-01   1.8180484e+00   6.8182615e-01
   2.0000000e+00   1.0401775e+00  -7.3653743e-01  -8.1876225e-02   6.2257068e-03  -6.2004075e-01  -8.4759272e-01   8.3818872e-01   7.0285133e-01   5.7821612e-01   4.7274006e-01
   1.0000000e+00   2.0686131e-01  -4.1242187e-01  -2.4216858e+00   2.3065195e-01   6.0139222e-01   8.7812173e-01  -9.8577577e-01   5.2356680e-01  -1.5368417e+00   6.2271465e-01
   2.0000000e+00  -1.1848469e-01   1.5208754e+00   1.3571873e+00  -4.7935173e-01  -1.9492242e-01  -3.0096103e-01   1.5375673e+00   3.4600237e-01  -1.6246753e+00  -5.4710841e-01
   2.0000000e+00  -1.3919689e-02  -1.5016017e+00  -1.6104475e-01   9.3174899e-01   1.5116412e+00  -7.1302083e-01  -2.6834863e-01  -3.7468069e-01  -1.0438451e+00   7.3000343e-01
   1.0000000e+00  -5.6921721e-01   9.9650247e-01  -1.3626393e+00   3.5715031e-01   3.5531505e-01   1.5180621e-01  -1.1817891e+00   7.0150739e-01   5.5553261e-01   1.8305668e+00
   1.0000000e+00  -7.5944413e-01   4.7425662e-01   6.5606298e-01  -5.9212747e-01   6.3116170e-01  -1.9162044e-01  -3.2586691e-01   3.8203814e-01  -6.9255548e-01   2.7993767e-01
   2.0000000e+00  -1.7986409e+00   1.9335936e+00   1.1306575e+00   7.7328248e-01   8.1872697e-01  -6.6972589e-01   1.6344472e-01   1.8435468e+00   6.9004151e-01   5.4106884e-02
   2.0000000e+00  -7.5807706e-01  -1.2752398e+00   2.0494588e-01  -2.2897555e-01  -1.3519922e+00  -3.2181245e-01   8.7801549e-01   1.0386553e-01   3.7468057e-01  -1.3762212e+00
   2.0000000e+00  -5.0011619e-01   3.1707623e-01  -1.8120177e+00  -1.6262568e+00   3.2149370e+00  -7.2583918e-01  -8.4838904e-01   1.4018022e+00   7.2060970e-01   1.4066861e+00
   2.0000000e+00   1.2234864e+00   4.0627609e-01   1.9783460e+00   1.8170433e+00   1.0314528e+00   4.7691135e-01  -6.3388105e-01   6.1881430e-01  -2.1539760e-03   1.9605677e-01
   2.0000000e+00   4.9318945e-01   1.4597187e+00  -9.1132519e-01  -9.8496534e-01   1.3784532e+00   2.8500300e-01   9.5380641e-01   1.3113806e+00   8.3113689e-01  -3.3466806e-01
   2.0000000e+00  -2.4303766e-01   1.0661605e+00   1.2373902e+00   1.2129780e+00  -8.4823856e-01   3.2298813e-02  -8.5432458e-01   3.7369642e-01   1.6561713e-01   1.8591185e+00
   2.0000000e+00  -1.7604374e+00   1.3309324e+00   6.3359448e-01   2.1234907e+00  -3.4332978e-01   4.1387530e-01   1.0430995e+00   4.1893258e-01  -2.4805531e-01   1.1117270e+00
   2.0000000e+00  -2.7648627e-01  -1.6239163e+00  -1.3935294e+00   1.1249741e+00  -9.6706823e-01   5.5265026e-02  -5.6721860e-01  -7.0167606e-01   8.8951877e-01  -9.1119963e-01
   2.0000000e+00  -3.6287838e-01   2.0142004e-01  -3.0866180e-01  -1.3065247e+00  -1.0185832e-01   7.5326169e-01   3.7183360e-02  -1.2060091e+00   1.2099386e-01   6.5463545e-01
   2.0000000e+00  -1.2529327e+00   1.4643686e+00   5.8387213e-01   2.2742871e-01  -1.5688625e+00   1.6088623e-01   3.1586057e-01  -9.3095444e-01  -1.0511711e-01  -2.9991326e+00
   2.0000000e+00   2.2898759e-01   1.6269500e+00  -1.4760191e+00  -1.0897596e+00  -1.2314087e+00  -1.3340608e+00   3.2897621e-01   7.9214743e-01   6.7248546e-01   1.2369872e+00
   2.0000000e+00  -1.5290643e+00   5.4281673e-01  -6.3775796e-01  -6.4498261e-01  -1.5600323e-01  -1.1139726e-01  -8.0400378e-01   2.1527738e+00  -1.8058319e+00  -6.4689621e-01
   2.0000000e+00  -7.5785952e-01   1.5991362e+00  -2.5203640e-01   7.9742081e-01  -1.2299136e+00   1.2754423e+00   1.9475186e+00  -7.5920460e-01  -2.4497158e+00   1.4329040e+00
   2.0000000e+00  -4.2148642e-01  -1.7574700e+00  -3.3066514e-01   1.1971464e+00   9.1560817e-01   1.0417990e+00  -6.9175457e-01  -9.1064291e-02  -1.3102456e+00   1.2493199e-01
   2.0000000e+00   9.3218296e-01   9.8603364e-01   8.9407829e-01  -5.8605312e-01   1.0924903e-01  -7.1651199e-02  -1.0564154e+00  -1.6642547e+00   2.7592021e-01  -1.6387795e+00
   2.0000000e+00  -6.8263060e-02   2.3278416e+00   1.6384502e-01  -4.3195715e-01   1.0905586e+00   2.1407111e+00  -6.3317689e-02  -9.0660547e-01  -2.0042973e-01  -3.5082604e-01
   1.0000000e+00  -7.4187749e-01  -1.2113848e+00   4.7826681e-01   1.2192240e-01   7.0731740e-01   1.7029907e+00  -2.7362576e-01   4.4463786e-01   1.0563080e+00  -1.9996879e+00
   2.0000000e+00  -6.9213589e-01  -9.9568523e-01  -1.6468458e+00  -3.3697271e-01   1.5769806e+00   5.9005482e-01  -4.4228131e-01  -8.8801423e-01  -5.4746038e-01  -3.7408817e-01
   2.0000000e+00  -2.5061615e-01  -1.7351869e+00   1.9262142e+00   1.1896308e+00   4.9183148e-01  -6.0060556e-01   2.3316380e+00  -3.3249305e-01  -2.7860725e-01   1.4028509e+00
   2.0000000e+00   4.8851180e-01  -2.3052401e-01  -1.2660843e+00  -8.4161839e-01   5.7670932e-01   2.7553451e-01  -1.7871869e+00   7.2156672e-01  -5.7421757e-01   1.7096298e-01
   2.0000000e+00  -6.7773755e-01   9.8523627e-01  -6.3402522e-01   1.6775450e+00  -4.4782604e-01  -4.3611929e-01  -2.3516241e-01   1.3450487e-01   7.5618242e-01   1.9671531e-02
   1.0000000e+00  -2.0353936e-01  -3.2149861e-01   6.8112694e-02   2.2140135e-01   1.2396602e-01  -1.2668293e+00  -9.0283020e-04  -1.5931427e-01   4.8552918e-01  -1.3888828e+00
   2.0000000e+00   1.4263302e+00   1.2765292e+00  -3.3133260e-01  -4.7247103e-02   3.8058529e-01   6.9938815e-03  -1.0723876e+00   8.7785803e-01   5.9266310e-01  -3.9781198e-01
   2.0000000e+00  -8.2589929e-01  -4.3751597e-02   2.6682813e-01   2.6504506e-01   3.4870819e-01  -1.3219801e-01   1.1453910e+00  -1.5478145e+00   2.1686688e+00   6.2665052e-01
   2.0000000e+00   6.8152108e-01   5.5478834e-01  -1.4395800e-01  -2.2541587e-01   4.8890290e-01   3.1399417e-01  -2.8651774e-01  -1.7355768e+00   1.7057170e+00   1.5163634e+00
   2.0000000e+00   1.5284266e+00   1.7117945e+00  -4.9896694e-01   6.0133474e-01  -1.9072180e+00  -8.7130393e-01   1.1711163e+00  -9.3455505e-01  -6.2784906e-01  -2.4638346e+00
   2.0000000e+00   6.3586472e-01   6.3088943e-01   5.4476086e-01  -1.6755859e+00   1.7546046e+00  -7.5702705e-01   1.5168922e+00  -1.6995521e+00  -2.8807628e-01  -5.2904613e-01
   2.0000000e+00  -1.7759813e-01   6.9459017e-01   6.1768411e-01   1.9171567e-01  -8.6682998e-01  -1.3906735e+00   2.2588515e+00   3.9364486e-01   2.2789866e+00   6.7518099e-02
   2.0000000e+00  -9.1352907e-01   1.9976411e-01   3.4503611e-01   8.2687830e-02  -1.8901068e-01  -6.9611261e-01   9.0605259e-02   1.5526303e+00  -7.0140051e-02  -4.1183455e-01
   2.0000000e+00  -7.3367659e-01   6.9424145e-01   1.3736090e+00  -2.5436212e-03  -3.7532940e-01  -5.6926025e-01  -5.6422264e-01  -1.6003507e+00  -7.4058521e-01  -9.8873400e-01
   2.0000000e+00  -6.0406519e-01  -1.1679041e-01   1.1489101e+00   6.0323600e-01  -8.9206047e-01  -1.5908949e+00  -1.1662359e+00  -6.9877428e-02  -9.8330462e-01  -1.9081312e+00
   2.0000000e+00   1.1244706e+00   2.3610945e+00  -1.7054421e+00   1.4384499e+00  -1.3378525e+00  -9.9614236e-01  -4.4611836e-01  -2.1305701e-01   3.7797078e-01  -9.1699542e-02
   2.0000000e+00  -9.4669249e-01  -2.1685669e+00  -5.9697859e-01   6.7588187e-01  -1.9056074e-01  -5.6011583e-01   7.2089927e-01   1.9207206e-01   1.8053533e+00   4.1335212e-01
   2.0000000e+00  -1.5621637e+00   3.4685010e-01   2.1757452e+00   5.8343744e-01  -1.5230352e+00   4.3903010e-01   5.7403904e-01  -1.7152875e+00  -3.2471539e-01   8.7339410e-01
   2.0000000e+00   8.7769018e-01   3.6420044e-01   7.6761614e-01  -7.9279430e-01  -1.2570751e-01  -5.0099514e-01   3.9025289e-01   8.1239439e-01   1.8131019e-01   1.9677777e+00
   1.0000000e+00  -1.1103634e+00   9.6775448e-01   4.0639485e-01   6.6950899e-01   7.1407106e-01  -1.2076942e+00  -6.9300732e-01  -9.3407815e-02   1.2443147e+00   1.0608641e+00
   2.0000000e+00  -1.7472012e+00   7.1978395e-01   1.2894960e-01  -2.3545643e+00  -3.1843870e-02  -5.2654269e-01  -3.6156705e-01  -1.9851466e-01   5.4859651e-01  -4.5650034e-01
   2.0000000e+00   2.4345796e+00   1.0073332e+00   4.1143285e-01  -2.2462255e-02   1.0178086e+00   1.0792091e+00   4.5738723e-01  -1.6018195e+00   5.2720746e-01  -1.4295299e+00
   1.0000000e+00  -3.8045412e-01   1.3938369e+00  -3.3756666e-02  -1.3686012e+00   2.3398484e-01  -8.4200503e-01  -1.8836715e+00  -7.4401981e-01  -1.2549646e+00  -4.9127724e-02
   2.0000000e+00   1.6107415e+00  -9.0018758e-01  -1.1714285e+00   2.5006246e-01  -4.3695597e-01  -1.4394911e+00  -1.8601510e-01   4.7459566e-01  -1.2219150e+00  -6.6932752e-01
   1.0000000e+00  -9.2057652e-01   6.4086998e-01   6.2208685e-01  -4.4013655e-01   1.0796717e-01   7.4344486e-01  -3.1340491e-01  -5.1333251e-01   7.6236175e-01  -5.3285488e-01
   2.0000000e+00   7.1250112e-01   2.2317271e-01   9.7023265e-01  -1.5647540e+00  -7.6309555e-01  -1.2540728e+00   9.5671688e-01   4.2400305e-01  -1.2165818e+00   3.4472868e-01
   2.0000000e+00   2.1160965e-01   1.7873369e+00  -1.2182663e+00   1.4902371e-01   8.9164885e-01  -6.7637837e-01   3.0140594e-01   1.2672380e+00   2.5382127e-01  -2.7814104e-01
   1.0000000e+00  -2.6748139e-01  -3.2209341e-01  -1.4741996e+00  -1.3025513e-02   2.4458366e-01  -3.2046457e-01  -1.4633350e-01   2.6222487e-01   4.8941058e-01   5.8686607e-01
   2.0000000e+00  -4.4221917e-01   1.0027470e+00  -5.9412630e-01  -7.4595888e-01  -1.1107941e+00  -1.0562974e-01  -7.6758930e-02   1.1812723e+00  -1.5846531e+00  -1.0436496e+00
   2.0000000e+00   2.5514353e-01   2.7098140e-02  -1.7260483e+00   1.1459423e+00  -1.1377009e+00   8.2549346e-01   1.4160155e+00   1.0351873e+00  -1.3470040e+00  -9.2431535e-01
   2.0000000e+00  -5.5517284e-01  -1.7592814e+00   7.6259605e-01   2.5847609e-01   4.0817789e-01  -4.1231852e-01  -2.0292675e+00  -2.2042609e+00  -1.7232045e-01  -1.1020453e-01
   2.0000000e+00   1.3499024e+00  -1.1959055e+00  -1.2765959e+00   4.4082860e-01   1.3762482e+00  -5.8147037e-02  -4.2484820e-04  -9.1356294e-01  -5.9063718e-01  -4.7735463e-01
   2.0000000e+00   1.6371790e-02   2.9443802e-01  -1.5472174e-01  -3.0204975e-01   7.8053205e-01   1.1414962e+00   4.8384612e-01   6.6184449e-01  -9.5597262e-01  -2.0964388e-01
   2.0000000e+00   2.1619507e+00  -1.7218223e-01  -7.1705460e-01   1.6709545e+00   2.4610744e+00  -1.9016285e-01  -3.0548192e-01   1.4020208e-01   4.6548278e-01   1.0779267e+00
   2.0000000e+00  -6.0034985e-01  -7.8826470e-01  -8.2319871e-02  -1.8930372e-01   9.8432128e-01  -1.7114438e-02  -1.8749851e-01   9.8195925e-01   5.3537612e-01  -3.8325102e-01
   2.0000000e+00  -2.3431917e-01   5.2236463e-01   4.8770016e-01  -5.5449356e-01   6.4072440e-01   9.5143487e-01  -9.3117398e-01  -7.5079735e-01  -4.6481689e-01  -2.3298438e-01
   2.0000000e+00  -1.1799134e+00   8.6009773e-01   6.8899348e-02   1.3981455e+00  -4.2928209e-01   6.6050686e-01  -1.0093070e+00  -4.1127186e-01   5.3149785e-01   1.5160450e+00
   2.0000000e+00  -1.5722981e+00   1.4355849e-01   3.7122293e-01   2.0108689e+00  -1.4754116e-01  -1.1856622e+00   6.0860126e-01  -6.4401441e-01   1.0234378e+00   8.0046553e-01
   2.0000000e+00   8.2572093e-01  -5.1172705e-01   2.5038279e-01   1.6399796e+00  -9.3331171e-01  -1.1738071e-01  -5.9732698e-01   2.9903997e-01  -1.1678935e+00   4.0256029e-01
   2.0000000e+00   1.0972942e+00  -6.8135249e-01  -1.4729409e+00   3.6639506e-01   1.7387851e-01   3.6908778e-01   2.5061637e-01   1.2883541e+00  -1.2460747e+00   6.1338633e-01
   2.0000000e+00  -8.5502241e-01   1.5015831e-01  -1.0974375e+00   1.3179006e+00   3.7127847e-02  -1.6697375e-01   1.1237825e-01   1.4511814e+00  -1.0228857e+00  -2.1978543e-01
   2.0000000e+00  -3.5039820e-01  -8.6355694e-02  -6.2921077e-01  -2.6362350e-01  -1.3318009e+00  -1.8120250e+00  -4.3897380e-01  -1.4760873e+00  -1.2559510e+00   2.6097467e-01
   2.0000000e+00  -8.8558290e-01   1.0133271e-01   8.5383836e-01  -1.7949723e-01  -4.8471442e-01  -7.6530182e-01  -7.0285047e-01  -4.1817113e-02  -1.3763427e-01   7.9901941e-01
   1.0000000e+00   1.6199389e-01  -9.7561384e-01   4.9675836e-01  -1.6656486e+00   6.5335243e-01  -1.0928174e+00  -1.8524597e-01   2.4998955e-02  -4.6331921e-01   4.4019839e-01
   2.0000000e+00  -1.8810993e+00   1.5282575e+00   5.6259563e-01  -2.5387273e+00  -1.8891877e+00   5.0197428e-02  -2.2587351e-01  -5.0632125e-01   1.0361752e+00   4.3394684e-01
   1.0000000e+00   1.1804563e+00  -1.3453792e+00  -3.1897479e-01  -5.9081946e-01   4.9417683e-01   3.7662413e-01   8.9156515e-01  -2.1612605e-01   2.5283140e-02   6.9860701e-01
   2.0000000e+00   9.2729980e-02  -5.2819435e-01   9.3458802e-01  -2.3346026e-01  -9.8983441e-01  -1.2428014e+00  -4.1060837e-01   1.0560051e+00   9.3200565e-01   6.7935667e-02
   2.0000000e+00  -2.0311380e+00   2.3495050e-01   1.7561349e+00   6.8918996e-01  -2.8682221e-01  -4.6648307e-01   1.3889451e+00  -1.3000396e+00   7.0106268e-01   1.1251466e+00
   2.0000000e+00   7.2916838e-01   3.0155213e-01   6.6477416e-02  -1.5730131e+00  -3.7519351e-01  -4.1836055e-01   2.2466024e+00   5.2279871e-01  -1.9204770e-01  -9.2177371e-01
   2.0000000e+00  -1.4508087e+00   7.5939526e-01  -3.4274502e-01   4.1222213e-01  -3.0948107e-01  -2.9345067e-01  -4.2920789e-01   1.0274814e+00  -2.9254708e-01   2.1279180e+00
   1.0000000e+00  -1.5607370e+00   1.5238751e+00  -5.3170368e-01  -2.5606149e-01   1.7482698e-01   6.3278154e-01  -1.8428763e-01   1.4267503e-01   2.9665496e-01   4.7197071e-01
   2.0000000e+00  -5.4599039e-01   1.0124885e+00  -2.8804687e-01   6.3134628e-01  -2.7463166e-01   4.8848729e-02   1.3165112e+00  -2.1817662e-02  -3.6669298e-01   1.5119254e-01
   1.0000000e+00   3.5662716e-01   9.9553001e-01   2.1961209e-01  -3.5010761e-02   3.8349046e-01  -1.2596687e+00  -5.5841943e-01   4.9821261e-01   2.7010578e-01   1.3762280e+00
   2.0000000e+00  -1.9606588e+00   3.6501076e-01   3.5911204e-01  -1.0905299e+00   3.8247519e-01  -2.1913645e+00   3.9823230e-01  -1.4181079e+00   4.5444761e-01   9.6207636e-02
   1.0000000e+00  -8.8410997e-01  -8.5120283e-01   6.5425358e-01  -2.8690822e-01   2.9166993e-01   1.0193506e+00   8.1684744e-01   5.9808498e-01  -9.9008999e-01  -2.2051035e+00
   1.0000000e+00  -8.6597380e-01  -6.6865043e-01  -8.6288314e-01  -5.6911817e-01   3.0657194e-01   9.4329622e-01  -2.0321488e-01   3.1757262e-01  -1.1168430e-01   5.4776974e-01
   2.0000000e+00  -8.6178313e-01  -1.9844197e+00  -7.4808719e-01   1.1273191e+00  -5.9691727e-01   5.1616350e-01  -9.0925970e-01   9.2368600e-02  -1.8440945e-01  -1.1793945e+00
   2.0000000e+00  -4.3839693e-01  -5.2144437e-01  -6.5268849e-01  -3.2012443e-01   1.3751454e+00  -2.0061126e-01  -7.6079035e-02  -9.0520284e-02  -4.6310557e-01  -1.2084152e+00
   2.0000000e+00   1.1475848e+00   1.8444801e-01   3.3131854e-01  -3.7137320e-01  -1.1593879e+00  -7.1082512e-01   1.0690898e+00   6.3242366e-01   8.3889709e-01  -8.0898642e-01
   2.0000000e+00  -2.9921400e-01   1.6369914e+00  -5.9630473e-01   1.4645803e+00   1.3481386e+00   1.4218320e+00  -5.2132004e-01  -8.7606963e-01   1.5925530e-01   2.3778103e+00
   1.0000000e+00  -4.0126381e-01   5.2953462e-01  -4.9742755e-01   1.2450976e+00   1.4424153e-01  -1.3947779e-01   8.5932118e-01  -6.8451640e-01   1.4481644e+00   9.9870576e-01
   2.0000000e+00   4.4431360e-01   4.3379621e-01  -1.1073413e+00   1.0217888e-01   7.3139406e-01   8.8903103e-02   7.2326161e-01   7.2915879e-01  -7.2387878e-01   3.2351963e-01
   2.0000000e+00  -2.6095413e-01  -3.7083293e-01   1.1226870e+00   2.3397585e-02  -9.7488745e-01   1.4337684e+00  -9.2352878e-02  -6.8839193e-01  -2.3086599e+00   7.3363232e-01
   2.0000000e+00   1.9953219e-01  -3.0951732e-01  -5.1071045e-01   7.9376118e-01  -8.8552263e-01   1.3238739e+00  -5.7001198e-01   1.2433777e+00   2.0144902e+00  -1.5191271e-01
   2.0000000e+00  -1.6798989e+00  -3.5424396e-01   1.0361806e+00   2.6327981e-01  -5.4003815e-01  -2.1360910e+00  -1.5547854e+00  -1.2339189e+00  -8.8164029e-01  -3.5562352e-01
   1.0000000e+00  -1.4083226e-01  -8.7653410e-01   9.9639474e-01  -7.4684851e-01   1.0330896e-01  -5.4525422e-01  -6.1666819e-01   5.2347971e-01  -1.0453827e+00   1.5635941e+00
   2.0000000e+00   1.3283621e-01   8.8879610e-01   1.0535922e+00  -4.5045442e-01  -1.7875462e+00  -2.7093415e-02   1.2131697e+00  -6.5368027e-01  -1.3446276e+00   3.7834924e-02
   1.0000000e+00  -1.5523005e-01  -7.4306849e-01   1.2148682e+00  -1.3299375e-01   1.5741808e-01   1.6603448e-01  -2.0606529e-01   7.2796375e-01   1.2487867e+00  -3.3007587e-01
   1.0000000e+00  -1.5899172e+00   1.0439170e+00  -6.5795744e-01   1.0989919e+00   2.3550118e-01   3.8179244e-01  -3.1717200e-01  -2.3864723e-01   6.0800643e-01   1.6787165e+00
   2.0000000e+00  -6.2128725e-01   7.1127225e-01   4.7463438e-01  -3.1276390e+00  -2.4268614e-01  -1.2710834e+00  -5.3114846e-01   1.0738454e+00   2.1560855e-01   1.5110818e+00
   2.0000000e+00  -1.1718488e-01   1.5473707e-02   8.3088420e-02   3.7956811e-01  -1.2111108e+00  -9.6662622e-01   1.0230162e-01   1.2037971e+00   5.6375667e-01   1.3443784e+00
   2.0000000e+00   9.9662519e-01   3.3254765e-01   9.2769775e-01   1.9807780e-02   1.7970800e+00   9.7508386e-01  -1.2342859e-01   1.0001555e-02   4.3305194e-01  -1.0692276e+00
   2.0000000e+00   5.0942828e-02  -3.3034641e-01   5.4263981e-02  -2.2288651e+00  -3.0698623e-01  -4.1650351e-01  -1.0857834e+00  -1.0856262e-01  -2.9027040e-01   8.2528853e-03
   2.0000000e+00  -1.7887410e+00  -2.5919990e-01   2.7151705e-01   7.5868897e-01  -4.5825213e-01  -7.2449286e-01  -3.9754442e-01   7.7424577e-01  -3.3959442e+00   6.0246808e-01
   1.0000000e+00   1.3785163e+00  -9.4172981e-01   3.5456110e-01  -5.0730882e-01   5.8299489e-01  -9.7586598e-02  -1.5805669e+00   2.1906259e-02  -1.6217551e-01   1.3786630e+00
   2.0000000e+00  -2.2061841e-01  -6.5730895e-01   4.3916425e-01   7.4215069e-01  -4.8051907e-02  -1.0750958e+00  -1.8298020e+00   6.7624888e-01   6.5656788e-01  -8.2283120e-01
   2.0000000e+00   4.7488084e-02  -5.8968172e-01  -6.5664585e-02   1.6109957e-01  -1.8492612e-01   5.8315754e-01  -5.1971496e-01   6.1071947e-01   8.1797112e-01  -6.5482471e-02
   1.0000000e+00  -1.0193501e-01  -9.9144985e-01   4.6075398e-01   3.6710539e-01   5.3953180e-01  -1.7262783e+00   3.4522040e-01  -4.7428416e-01  -1.1597942e+00   3.0473876e-01
   1.0000000e+00   8.6370563e-01  -1.8551153e+00   4.6671721e-01   1.1512626e-01   7.1192174e-01   1.6803948e-04   5.3414196e-01   4.0423051e-02   3.3209168e-01   4.2186941e-01
   2.0000000e+00  -6.7513719e-01  -3.0992398e+00   3.3366417e-01  -3.4913326e-01   9.2916240e-01   4.6374359e-01   6.6014422e-01   1.5568219e-01   1.2394332e-01  -7.9286368e-01
   2.0000000e+00   5.8186432e-02  -1.2194639e-01   7.9867697e-01  -1.6635113e-02  -1.9026714e+00   9.9481421e-01   8.5018085e-01  -2.1432441e-01   1.4717322e+00  -9.0045560e-02
   2.0000000e+00  -2.3583390e-01  -9.1165107e-01  -3.2343248e-01   2.9665958e-01  -9.4495488e-02   1.3808453e+00  -4.5599504e-01  -8.2320769e-01  -1.7691223e-01   5.5856687e-01
   2.0000000e+00   3.4858807e-01  -8.4884329e-01  -1.0991552e-01  -4.1917057e-01  -6.6864415e-01   4.3562698e-01  -1.1064973e+00   2.0531150e+00  -1.1270013e+00   6.3436608e-01
   2.0000000e+00  -6.8788581e-01   5.5320402e-03  -1.6098709e+00   8.8959636e-01   9.5590643e-01  -2.2800432e-02   3.5190921e-01  -1.6772532e-01  -2.5074425e-02  -4.8623138e-01
   2.0000000e+00   7.3149542e-01  -1.2822241e+00   3.4119688e-01   7.7304617e-01  -7.3574344e-01   8.1013020e-01  -1.0389946e+00   1.2480264e+00  -2.0925201e-01  -1.0670723e+00
   2.0000000e+00   2.5755137e+00  -1.3259942e+00  -1.3749319e-01   1.7132249e+00  -1.5164594e+00  -2.2179210e-01  -1.3685279e+00  -1.9835977e+00  -1.9156087e-01   4.1284516e-01
   2.0000000e+00   2.7211430e-01   8.8488966e-02   3.2083553e-01  -4.8054150e-01   1.8269648e-01   5.3255992e-01   8.4139909e-02  -9.8495353e-01  -1.4838867e+00   1.1784920e+00
   2.0000000e+00  -1.5295244e+00  -6.7879661e-01  -8.9842722e-01  -4.6400530e-01  -1.2027183e-01   3.2436624e-01   1.6828855e-01  -2.5538001e+00   1.6060506e+00  -1.0804320e+00
   2.0000000e+00  -7.3436051e-01  -7.3510977e-01   9.5581172e-01  -3.7915353e-01   1.4267753e-01  -4.8729592e-01  -2.5272643e+00  -3.9700234e-01  -4.0446202e-01  -4.8786154e-01
   2.0000000e+00   1.1204783e+00   9.7796422e-01   6.4327086e-01   1.3108378e+00   1.0953368e-01   1.1353243e-01   2.1338532e+00  -3.4749997e-01  -4.3670094e-01  -6.7350341e-01
   2.0000000e+00   3.6894932e-01  -5.1239636e-01   3.6940122e-01  -1.9040264e-01  -2.6269710e-01   4.8774962e-01  -4.1260998e-01   2.0346649e+00  -1.0656482e+00   3.1205132e-01
   2.0000000e+00  -8.2355078e-01  -9.6696702e-01   6.3940191e-01  -5.4359832e-01  -1.4328614e+00  -2.2844539e-01  -1.2883339e-01   1.4789143e+00   7.5942833e-01   1.2030461e+00
   2.0000000e+00  -6.1383749e-01   1.0527055e-01   2.3780815e-01   8.7390414e-02  -7.4824641e-01   8.3891068e-01   1.0355037e+00  -1.0430204e+00   1.8374160e+00   5.3379021e-01
   2.0000000e+00   5.1190565e-01  -8.9843983e-03  -4.3332698e-01  -9.4099928e-01   1.5792418e+00  -4.4938519e-01   4.5075034e-02   1.3642980e+00   5.5121633e-02  -8.2154538e-02
   2.0000000e+00  -7.4895450e-02   7.1705530e-01   1.1789437e+00   3.6143181e-01  -2.4014419e-01  -1.0018548e+00   1.0479875e+00  -1.0475868e+00   1.1088037e+00   1.7231539e+00
   2.0000000e+00  -8.6385745e-01   1.8494810e-01   6.8473071e-01   2.0321868e+00  -1.3116440e+00   1.0403750e+00   3.2415052e-01   1.2684810e+00  -1.2555031e+00   2.8821408e-01
   2.0000000e+00  -1.2312390e+00  -1.3555446e+00   4.5870871e-01   5.5923042e-01   1.6184111e-01   1.5231363e+00   2.6434924e+00   8.2385889e-01   8.8683529e-01   1.6546364e+00
   2.0000000e+00  -3.1440016e-01   9.3675186e-01  -7.6038917e-01  -2.2393884e-01  -1.0595980e+00   6.0553272e-01   5.5362892e-01  -1.9649166e-01   5.7207697e-01  -1.2446356e+00
   2.0000000e+00   2.4785530e-01   5.6708514e-01   2.9585173e-01  -3.3923601e-01  -2.0733325e+00   3.6142945e-01   3.9363995e-02  -3.9885834e-01  -8.5736910e-01  -1.4203386e+00
   2.0000000e+00   2.9122213e-01   5.5640856e-02   3.7816497e-01   9.5530354e-02   1.8852502e-01  -1.2985089e+00  -2.6352519e+00   9.5871163e-01   1.3346885e+00  -1.3510118e-01
   2.0000000e+00  -4.6216870e-01  -1.3353492e+00  -3.0941517e-01  -5.6893203e-01   1.1205350e+00  -1.4202531e+00  -1.1221677e+00   1.3231256e+00   6.4916724e-01   6.1746604e-01
   1.0000000e+00   2.2353220e-01   2.3850357e-01  -2.3996240e-01   4.1662144e-01   1.6759914e-01  -3.5753119e-02  -1.3184808e+00   7.0092651e-01  -1.6225213e+00  -1.0282199e+00
   2.0000000e+00   2.2650857e-01   3.4607752e-01  -1.5715585e+00   5.9126861e-01  -8.3349299e-01  -1.1308312e+00  -9.7626011e-01   1.1188561e-01  -1.6475942e+00   6.2510795e-01
   2.0000000e+00   7.7968107e-01   1.7971666e-01   8.6814298e-01   1.3126993e+00   3.1732198e-01  -1.8784057e+00   1.5153264e+00   1.3798970e+00  -5.1875680e-01  -8.7814825e-01
   2.0000000e+00   6.2413068e-01  -9.8555794e-01   4.8177343e-01  -1.4641216e-01  -7.3207428e-01   3.4450670e-01   2.4669855e-01   9.9926887e-01  -8.2772400e-01   2.2068967e+00
   2.0000000e+00   6.1528248e-02  -1.2293302e-01   2.0184817e+00  -1.9210485e+00  -5.4116836e-01   6.3866742e-01   3.5083754e-01   6.4951382e-01   8.0842258e-02  -1.1213514e-01
   2.0000000e+00   4.9504593e-02  -3.5144804e-01  -7.7475355e-02  -1.5398947e+00   1.2687234e+00   2.1409655e+00   9.1730451e-01   1.0567813e+00   2.4199217e-01   2.1454948e+00
   2.0000000e+00  -1.2148430e+00  -1.5342573e+00   3.9425463e-01  -2.8610430e-01  -2.1590045e-01  -2.2128770e+00  -8.5792889e-01  -1.3498751e+00   7.6396594e-01  -4.1674807e-01
   2.0000000e+00   4.5026452e-01   1.3611976e+00  -1.8954815e-01   3.9747080e-01   1.5174673e+00   1.6571783e-01   1.4052582e+00  -8.5408475e-01  -9.6846471e-01  -7.3107437e-01
   2.0000000e+00  -1.2319061e+00   1.0801647e+00  -5.7337545e-01   8.3706654e-01  -1.4312866e+00  -8.7298845e-01   1.3431566e+00   4.1850365e-01   1.0643259e+00   3.9577144e-01
   2.0000000e+00   1.7586495e+00   1.6384187e+00   1.2745297e+00  -1.0504605e+00  -6.6709723e-01  -9.1521622e-02   1.2367021e+00   1.4098173e+00  -5.5565214e-02  -6.4948565e-01
   1.0000000e+00   1.9557782e+00   1.2888641e+00  -1.3234277e+00  -8.2358852e-01   1.5222439e-01   6.7691316e-01   2.7863969e-01   2.8371863e-01   1.3655588e+00  -2.8852662e-01
   2.0000000e+00   9.9877374e-01   1.0481566e+00  -1.1260974e+00  -3.5395965e-01   1.1091298e+00   2.7649371e-01  -5.8082218e-01   1.3069171e+00  -7.7435995e-01  -9.5889001e-01
   2.0000000e+00   1.8081902e+00   1.4178279e+00   9.5973463e-01   4.3107865e-01   1.4525568e+00  -8.1809745e-01   2.2373387e+00   1.7774663e+00  -1.3424348e+00   6.4911175e-01
   1.0000000e+00   1.4911971e+00   8.4653441e-01  -2.4717740e-01  -1.0085048e+00   1.1806606e-01   1.2963193e-01   5.5274256e-01  -3.6236805e-01  -1.4190434e+00  -8.4207283e-01
   2.0000000e+00  -5.2309924e-01  -1.5805428e+00   7.8590699e-01  -9.3807736e-01   7.9343207e-02  -3.0414745e-01  -4.8986915e-01   2.4446992e+00  -2.0174857e+00   2.2659228e+00
   2.0000000e+00  -1.2261067e+00  -1.9664979e+00  -1.5380360e+00   4.8219713e-01   1.0869661e+00  -2.9302552e-01  -2.1913093e-01   1.5845278e+00  -3.6018422e-01  -1.0122302e+00
   2.0000000e+00  -7.6388251e-01  -5.7016786e-01  -1.3046884e+00   3.0089964e-01  -3.0493102e-01   4.0786080e-01   1.4125287e+00   2.0210816e+00   1.8869306e-01  -2.8794814e-01
   1.0000000e+00   1.1137655e+00  -3.7673221e-01  -1.9930334e+00   1.8220131e-01   2.5497656e-01   9.0524383e-01  -2.1168144e-01  -1.3153128e-01  -8.2996508e-01   6.5682341e-01
   2.0000000e+00   9.7767604e-01   1.0125928e+00   9.2459829e-01   8.2305460e-01  -1.5200388e-01   1.7339136e+00  -8.6211423e-01  -8.3416444e-01  -3.2011581e-01   1.5864245e+00
   2.0000000e+00  -6.9685600e-01  -6.2543625e-01  -8.8393445e-01   1.0545384e+00   7.9271861e-02  -9.7050350e-01   4.1646742e-01   1.4463880e+00  -5.1872456e-01  -5.1646102e-02
   2.0000000e+00  -5.0356328e-01  -4.9840381e-01  -1.0937892e+00   6.3899578e-02  -5.4904026e-02   1.7554649e-01   4.9147066e-01  -1.2978609e+00   2.4156132e-01   6.4845095e-03
   2.0000000e+00   1.8287786e+00  -1.5934231e+00   1.7227718e+00  -1.5235371e+00   3.2029908e-01  -2.6264169e-01   8.0140038e-01   1.1139006e+00   1.2845411e+00   2.6923398e+00
   2.0000000e+00   5.8447358e-02  -9.6889546e-01   5.7524063e-01   3.0706163e-02   5.0959164e-01   1.2211534e+00  -3.0997148e-01   1.3175067e+00   8.1424229e-01  -3.2915491e-01
   2.0000000e+00  -9.2213851e-01   4.3622573e-01   1.2089055e+00   2.4148208e-01   4.3985738e-01   3.3496498e-01  -4.4960745e-01  -1.2262855e+00  -7.7916386e-02   4.9606202e-02
   2.0000000e+00  -1.5543401e+00   7.4842837e-01  -2.4627745e+00   7.9375926e-02  -6.5717735e-02  -6.6610569e-01  -2.0891531e-01   6.1626511e-01   6.3500506e-01   3.2191280e-01
   2.0000000e+00  -3.2535442e-01  -5.1785280e-01  -6.1646598e-01   1.2138669e+00   8.3721635e-02   1.9877616e+00  -1.1860945e-01   1.6548267e+00   7.6386205e-01  -1.0165058e+00
   1.0000000e+00  -5.6420577e-01  -7.5310233e-01   1.6829406e+00  -4.1580125e-01   3.2649457e-02   6.3841363e-02   7.1988952e-01  -9.7452245e-03  -4.2832063e-01  -1.3285034e-01
   2.0000000e+00  -2.1881884e-01  -7.6231870e-01   1.3266534e+00  -1.7362992e+00  -7.1036877e-01   2.1091928e+00   5.3545845e-01  -1.2906236e+00  -8.8096586e-01   7.9775836e-01
   2.0000000e+00   7.6756053e-01  -9.1668839e-02  -3.1353516e+00  -1.5249709e+00   7.0178729e-02   4.5182661e-01   6.7362949e-01   1.7632992e+00   4.1557089e-02  -1.8997426e-01
   2.0000000e+00  -1.7556553e+00  -8.4108817e-01  -6.4199400e-02   5.5976163e-03   5.8523913e-01  -1.5230420e-01  -9.7302151e-01   9.5051412e-01  -9.8543995e-01   8.0248949e-01
   2.0000000e+00  -4.9238280e-01   1.0084108e+00  -1.3257068e+00   7.0728377e-01  -2.7730374e-01  -6.0809257e-02  -2.9670069e-01   1.4866746e+00  -4.7835683e-01  -3.6482763e-01
   2.0000000e+00  -3.1062931e-02  -1.2964057e-01  -1.1448386e+00   1.2968396e+00  -2.7012940e-01   2.1439569e-01  -7.7159726e-01   6.1431675e-02   5.0924502e-01   4.9662659e-01
   2.0000000e+00  -8.6446853e-01  -1.5095262e+00  -4.1240310e-01   9.0755894e-02  -2.3978957e-01   5.7802583e-01   1.5446531e+00  -2.6661362e-02   4.6688922e-01   3.1872310e-01
   2.0000000e+00  -1.2392375e+00  -3.1215537e-03   6.0307674e-01   5.7450127e-01   1.1388952e+00  -4.3391931e-02  -2.5262117e-01   2.5403161e+00  -1.1553965e+00  -3.3041007e-01
   2.0000000e+00  -1.2620221e-01   2.4164053e-01   6.3562226e-01  -7.3094540e-01  -3.4200962e-01   2.8627493e-01   1.3740298e+00  -4.5560864e-01   5.2315886e-01  -6.7720018e-01
   2.0000000e+00   7.9928695e-01   3.9452307e-01   1.4081092e+00  -1.7940741e+00  -1.7943672e+00   1.7638303e+00  -2.6312798e+00  -6.7717186e-02   6.8439333e-01   9.3553680e-01
   2.0000000e+00   9.2154047e-01  -8.4449058e-01   3.8191856e-01   1.9595558e+00   4.7668326e-01   8.9153057e-01   1.6300268e+00   8.0370875e-01   1.0940711e+00   4.0414463e-01
   2.0000000e+00   5.4094144e-01   7.2754625e-01  -1.9474303e-01   5.9546625e-01  -1.2895068e+00  -1.6683771e+00  -3.9409688e-01   5.8990408e-01  -1.3734628e+00   6.0717366e-01
   2.0000000e+00  -2.1136686e-01  -1.5051215e+00  -1.6789445e+00   4.0286923e-01  -1.1113314e+00  -2.6526373e+00  -7.2559269e-03   1.0250146e+00   9.8754949e-01  -1.6807631e-02
   2.0000000e+00  -1.4808427e-01  -1.8597127e+00  -1.1275288e-01  -7.6485869e-01  -1.8331346e+00  -2.6618429e+00  -2.6870524e-01  -7.6025722e-01   1.0792169e+00  -8.0700473e-01
   2.0000000e+00  -1.8069071e-01   1.4556516e+00   1.2963881e+00  -1.1048366e+00  -9.0296274e-01   5.8951295e-02  -2.0731433e-01  -9.4402701e-01  -1.3296108e+00  -1.6787379e+00
   2.0000000e+00   2.1229215e+00   2.0792341e-01  -2.4089345e-01  -1.0409176e-01  -1.5340429e+00   1.1838857e+00   1.0120580e-01  -1.1473600e+00   3.1941508e-01   6.8390826e-01
   1.0000000e+00   1.1481206e-01   2.0163525e+00  -1.5050540e+00   1.6320612e+00   5.6344285e-01   1.4696828e+00   3.2282067e-01   6.6202272e-01  -4.7520401e-02  -7.2916693e-01
   1.0000000e+00  -7.7205362e-01   7.3911911e-02  -4.1470944e-01  -4.5878168e-01   1.6715154e-01   1.3864637e+00   4.0216737e-01   6.2013258e-01  -1.0983785e+00  -1.0602696e+00
   2.0000000e+00  -6.6241669e-01  -1.5294397e+00  -5.9322883e-01   6.2520216e-02  -2.1510769e+00  -4.7028658e-01  -4.8606193e-01  -1.7081486e+00   6.4173217e-01   2.8116843e+00
   2.0000000e+00   1.3145091e+00   1.1961255e+00  -1.8371894e+00   9.3732741e-01  -7.1939695e-01   9.3164235e-01   9.1902326e-01   4.6455936e-02   1.2359342e+00   1.0729245e+00
   2.0000000e+00   9.4838425e-02   4.6587693e-01  -1.8358629e+00  -1.1844660e-01   7.1170192e-01   7.6968856e-02  -2.0076514e+00   3.3165576e-01  -7.8445874e-01   7.8788743e-01
   2.0000000e+00  -9.4543958e-01  -4.5425421e-01   8.4709644e-01  -8.2367295e-01   1.6605017e+00   1.9149817e-01   1.3452718e+00  -3.4630266e-01   2.6868983e-01  -4.6592740e-02
   2.0000000e+00   6.7044606e-02   2.2419532e-01  -5.7524097e-01  -9.8387664e-01  -1.9959755e+00   4.1753862e-01  -8.0743343e-01  -3.3768497e-01  -1.7749413e-01   1.1099134e-01
   2.0000000e+00  -1.0127001e+00  -9.6417867e-01  -5.2540605e-01  -1.1858440e+00   1.1881415e+00  -8.4849184e-01   2.1755406e-01   5.8552267e-01  -1.0052908e+00  -4.0037157e-01
   2.0000000e+00   1.5217622e+00   1.0906042e+00   9.5721148e-01  -1.1156645e+00   1.0736922e+00   4.3484973e-01   2.1533036e-01  -5.3328811e-01   5.6855387e-01  -7.9902087e-01
   2.0000000e+00   2.6153614e-01   6.3246589e-01  -1.3590894e+00   5.8888547e-01  -1.3201416e+00   6.3274440e-01   7.1840389e-02   1.2208297e+00   7.8731614e-02   9.0723198e-01
   2.0000000e+00  -2.7165673e-01   5.5148818e-01   2.5026756e+00  -1.8932998e+00  -5.2013323e-01   5.0412635e-01   8.4178147e-01  -1.5721824e-01   7.9849944e-01  -1.1195607e-02
   2.0000000e+00  -1.8185343e+00  -3.6714659e-01  -1.6080593e-01  -1.6414777e+00  -1.8534320e+00   4.9512056e-01  -2.1522300e-01  -1.8490644e+00   2.5169382e-01   8.3515881e-01
   1.0000000e+00   1.2229198e-01  -1.5262752e-01   1.3482790e-01   7.1479712e-01   3.1575115e-01   1.3934372e+00  -1.1976516e+00   5.8454776e-01   2.6571245e-01   9.1921738e-01
   2.0000000e+00   6.4562491e-01  -4.7417206e-01   1.5668570e+00  -4.3936223e-01  -7.7587136e-01  -6.9422149e-01   6.6725159e-01   1.0278563e+00  -2.6435361e-02   4.7558115e-01
   1.0000000e+00   1.4077720e-02  -1.1914233e+00  -5.1077623e-01   1.9384422e-01   4.5426886e-01   6.1973538e-01   6.1281581e-01   6.7653130e-01  -1.0680303e+00   3.3923824e-01
   1.0000000e+00  -7.7413150e-01   1.6401542e+00  -1.1195417e+00  -2.3775273e-01   5.6258970e-01  -8.3935896e-01   6.5431381e-02   4.6520435e-01  -2.5961512e-01  -2.6345227e-01
   1.0000000e+00   1.2177694e+00   8.2839590e-01  -7.4299602e-01   9.1216196e-01   2.3931146e-01   7.5503109e-01   1.0486681e+00   4.6284196e-02   1.0512583e+00  -1.9689899e+00
   2.0000000e+00  -8.8875753e-01   2.6658211e+00  -8.7827924e-01   1.2063848e+00  -1.3797589e+00  -7.4995599e-01  -2.8506425e+00  -1.3432157e+00   1.0348709e+00   4.7464108e-01
   2.0000000e+00   5.8727780e-01   3.1947472e-01   2.1569117e+00   3.7264439e-01  -3.8430911e-01   2.3124567e-01   7.4941224e-01  -2.3546904e+00  -3.1026346e-01   1.4785759e+00
   2.0000000e+00   9.6071714e-01   2.8990934e-01  -5.9092016e-01   1.1194173e+00   1.8057640e+00  -5.4223956e-01   4.2159395e-01  -2.1190717e-01  -3.0382201e+00  -1.0805314e+00
   2.0000000e+00  -2.1478082e-02  -1.7793128e+00   2.5479068e-01  -2.4665859e-02   5.7123171e-01   2.0771155e-01  -4.1930631e-01   8.9639774e-01  -1.0912252e+00  -1.2528076e+00
   2.0000000e+00  -2.4880440e-01  -7.2069981e-01   6.2958843e-01   5.0418579e-01   2.5535547e+00  -4.9068484e-01   6.9001444e-01  -1.4183064e+00   3.7939769e-01  -8.3344198e-01
   2.0000000e+00   2.7902122e-01   6.9688336e-01  -3.0193445e-01   4.4591224e-01  -6.2266375e-01   4.1993329e-01  -7.1945117e-01  -1.9309101e+00   1.0414902e+00   1.5309134e-02
   2.0000000e+00   3.0041123e-01  -6.6874686e-01  -4.1532566e-01   3.1099507e-01   1.2907853e+00   2.1468584e+00  -1.1026162e+00  -4.1812153e-01  -1.3780015e+00   1.1779512e+00
   2.0000000e+00  -3.7099820e-01  -2.2789824e-01   7.5097938e-01  -2.8349624e-01  -1.7956410e-01   1.0603334e+00  -1.6227484e+00  -1.2129724e-01  -1.2023431e+00  -1.6562557e+00
   1.0000000e+00  -6.4905024e-01   2.7557033e-01  -5.0977918e-01   2.0004472e-01   3.5028346e-01   1.2106373e-01   6.6239432e-01  -8.2088982e-01  -3.7916227e-01   1.8826239e+00
   2.0000000e+00  -1.9693529e-01   2.8838367e+00   1.1708857e+00  -7.4101089e-01   4.3336203e-01   1.3424349e-01  -5.2235705e-01   1.0134212e+00   1.5800651e+00  -2.0557922e+00
   2.0000000e+00  -1.0597295e+00   1.4337849e-01  -1.9745465e-01  -6.3856731e-01   8.6441884e-01  -2.1533222e+00   4.2929768e-01  -6.0812359e-01  -4.0089731e-01  -8.9574571e-01
   2.0000000e+00  -1.6465719e-01  -1.6060933e+00  -5.3736343e-01   1.0881571e-01  -2.0154353e+00  -2.2143074e-01   5.5994007e-01   3.3588904e-01  -2.0914338e-01  -6.1998056e-01
   2.0000000e+00   5.2192002e-01   3.3428597e-01   6.1146714e-01   2.6170028e-01   6.0278192e-02  -2.2760038e-01  -9.1519254e-01   1.0324970e+00   9.6305793e-01   2.8079133e-01
   2.0000000e+00  -1.7377425e+00   4.1761705e-02   1.0142716e+00   1.6323829e-01  -1.7270516e+00   9.7195098e-01  -1.1799376e+00  -9.2434014e-02  -2.5879414e-01   8.3355317e-02
   2.0000000e+00   5.9131917e-02   1.3930450e+00   5.5205257e-01  -2.2079297e+00  -1.9072805e-01  -1.0299014e+00  -5.8501905e-01  -3.1412250e-01   1.7008081e+00   1.0454175e+00
   2.0000000e+00  -3.5396083e-01   1.1096817e+00   4.8092791e-01   1.2924112e+00   1.5289654e+00   5.3214595e-01   1.4022602e-01  -5.9596521e-01  -9.4085850e-01   3.1321673e-01
   2.0000000e+00   6.6350087e-01   3.6337878e-01  -4.5057727e-01   5.5703426e-01   2.4980113e-01   4.0120044e-01   9.1972553e-01   9.0923449e-01  -5.1529119e-01   2.1470801e+00
   1.0000000e+00  -2.4714780e-01   1.5262119e+00   2.0809485e+00   9.3610987e-01   5.5772868e-01  -2.4608138e+00  -1.4385020e+00  -4.2797275e-01   4.4651671e-01   2.5235142e-01
   2.0000000e+00   1.6301394e+00  -6.3259844e-01  -5.1069505e-01  -5.8988208e-01   1.1240872e+00  -7.2877418e-01   9.9181858e-01  -3.5103183e-01   9.0155094e-01   1.1483671e+00
   2.0000000e+00  -6.1105464e-01   2.2845491e+00   5.6020377e-01   6.8957455e-01  -6.7764205e-01  -9.2053678e-01   1.4795774e+00  -2.7941310e-01   3.8862412e-01   4.3401741e-01
   2.0000000e+00   1.4366921e+00  -1.4264222e-01  -5.2670572e-01  -4.8807658e-01  -4.5840831e-01  -6.1897801e-01  -3.5904717e-01   9.8274732e-01   1.7899169e+00  -1.2128436e+00
   1.0000000e+00  -2.1317184e+00  -2.2668422e+00  -4.2351558e-01   1.0516993e-01   9.3237490e-02  -1.1130740e+00  -5.8919636e-01   3.1834608e-01  -6.6541765e-02  -1.6140382e-01
   2.0000000e+00   4.1206819e-01   1.9559347e+00   3.4661551e-01  -1.3993653e+00  -1.2747897e+00  -8.4587394e-01   1.8493383e-01  -4.5402854e-01  -1.0509826e+00   4.8405588e-01
   2.0000000e+00   6.9897981e-01  -1.3238297e+00  -1.0370056e+00   1.8388523e+00  -7.8605616e-01  -3.4698450e-01  -1.6370038e-01   5.9170430e-01   1.4998986e+00   1.1571286e+00
   1.0000000e+00  -1.3621699e+00  -1.8947692e+00   4.3424937e-01   5.7204021e-01   7.8966482e-02   1.4775975e+00   6.5481750e-01   5.2285093e-02   1.7235915e+00  -1.6833288e-01
   1.0000000e+00   1.6987504e+00  -1.2547990e+00   6.9024242e-01  -6.6263027e-01   1.2078344e-01  -4.0943530e-01  -1.7077893e+00   3.0410574e-01  -1.3735794e-01  -1.1440305e+00
   2.0000000e+00  -1.2243377e+00  -1.3809592e+00  -1.5301052e+00  -7.4220877e-01   4.7924775e-01   1.5810660e+00  -3.0479680e-01   1.5174320e+00  -7.0954690e-01  -8.3595261e-01
   2.0000000e+00  -5.3725901e-01  -1.2335212e+00   2.3963734e-01  -2.0442345e-01  -2.1824454e+00  -4.7401799e-01   1.1859369e+00  -5.3689697e-01   3.8489929e-02  -1.2586011e+00
   2.0000000e+00  -1.0694342e+00  -1.7402377e+00   1.6725256e+00   1.5043447e+00   9.2860200e-01  -4.9197091e-01   1.5968973e+00   1.0876951e+00  -2.0062597e+00  -1.0342633e+00
   2.0000000e+00   1.2459484e-01   1.1523644e-01  -3.3562993e-01   1.6871679e-01  -1.0219150e+00  -1.1575939e+00  -7.2402402e-01   9.1882485e-01  -4.7325673e-01  -9.6626461e-01
   2.0000000e+00   8.8014756e-01   8.0346463e-01   1.1205734e+00   6.6027586e-01  -3.6057291e-01  -9.8386699e-01   1.5946281e-01  -2.6326878e+00  -4.3320835e-01  -8.4524025e-01
   2.0000000e+00  -4.9876934e-01  -6.2345382e-01   4.6189770e-01  -8.4846596e-01   1.0503845e+00  -1.6450080e+00   1.8288770e+00   2.4914628e+00   7.4103963e-01  -8.7231475e-03
   1.0000000e+00   7.1019694e-02  -1.2262386e+00  -1.4185306e-01   2.0780662e-01   3.9854322e-01  -1.4275724e+00  -1.1007723e+00  -3.7148216e-01  -2.1727060e-01   1.0890610e-03
   2.0000000e+00  -7.2230200e-01  -3.8642938e-01   7.6895539e-01   1.0604217e+00   1.4378031e+00  -4.9837768e-01   1.8213102e-01   2.9474757e-01  -1.6295374e+00   2.2686075e-02
   1.0000000e+00  -2.3853679e-01   3.9139397e-01   3.1519156e-01  -1.4001086e+00   1.7214902e-01   2.5244917e-02   1.8960241e+00   2.8868596e-02  -1.0895163e+00   6.6542064e-02
   2.0000000e+00   6.5327315e-01  -1.9804561e+00   4.6431117e-01   1.5743863e+00  -1.7590133e-01  -4.7751917e-01  -1.4197493e+00   1.5991625e+00  -1.4462421e-01   2.0685010e+00
   2.0000000e+00  -8.5917681e-01   2.4988131e-01   7.1538084e-01   7.0051704e-01  -4.8979616e-02   1.6171714e+00   3.9687551e-01   1.4008812e+00   5.5226720e-01   7.9259734e-01
   2.0000000e+00  -1.4662909e+00  -2.8877203e-01   1.2274057e-01   9.0354579e-01   2.3435028e-03   8.6551684e-01   1.6175702e+00   2.2726922e+00  -1.2598730e+00  -1.4403548e+00
   2.0000000e+00  -9.4361293e-01   8.9828701e-01  -5.4972210e-01   2.4702697e-01  -6.0837411e-02  -8.8932234e-02   3.7023451e-01  -8.2298312e-02  -1.0600675e+00  -2.6110832e-01
   2.0000000e+00   3.6685266e-01   4.8266777e-01  -1.9474937e+00   1.7413433e-01   1.2332709e+00   3.6037888e-01  -1.1361070e+00  -3.9597057e-01  -1.1951374e+00  -1.4688970e+00
   2.0000000e+00  -9.3302306e-01   3.9053068e-01  -3.4751662e-01   2.1896717e-01   1.9503208e+00  -1.2456860e+00  -9.7503233e-01   8.6071852e-01   1.1002555e+00  -6.7068482e-01
   2.0000000e+00   2.4163423e-01  -1.7135671e+00   9.5183167e-01   4.2319713e-01  -2.8832582e+00  -2.1128966e+00   1.2563348e+00  -5.8772725e-01  -1.6161601e+00  -4.1836481e-01
   2.0000000e+00   7.0523162e-01   8.5179334e-01   5.8924945e-01  -4.0482499e-01  -1.1674254e+00   6.5510963e-01   1.2474559e+00   5.4915925e-01  -3.5647857e-01   9.6301662e-01
   2.0000000e+00   1.9022715e-01  -1.4704411e+00   1.5613837e-01  -2.9303244e-01   8.7767229e-01  -1.3534307e+00   2.0594073e+00  -4.8906988e-01   4.7915799e-01   8.2413274e-01
   2.0000000e+00  -7.8181287e-01  -3.8425098e-01  -1.1506039e-01   4.4749780e-01  -1.3031499e-01   3.2076076e-01   6.3263510e-01   8.3256541e-01   3.0130705e-01   1.3894985e+00
   2.0000000e+00   5.2430312e-01  -1.6281931e-01  -1.1636577e+00  -1.2383624e+00  -4.4182173e-01  -1.6193509e-01  -9.7311077e-01   1.8024550e+00   6.9963944e-01   1.1681938e+00
   2.0000000e+00   3.4101725e-01  -3.2168428e-01   3.1919583e-01  -6.0026882e-01   2.5019669e-01  -5.5479908e-01   2.8191204e-01  -1.0440982e+00   4.5701977e-01   7.8643289e-01
   2.0000000e+00   8.1843985e-01  -1.8208220e+00  -2.7567440e-02  -1.1934594e+00   2.1099862e+00   9.3804383e-01  -2.0261827e+00   6.4250435e-01  -3.7961079e-01  -7.8957908e-01
   2.0000000e+00   4.9140448e-01  -1.3492108e-01  -6.5833434e-01   3.5460853e-01   2.7746788e-01   5.5805051e-01   2.7825181e+00  -1.4875332e+00  -2.8978318e-01  -5.9080216e-02
   2.0000000e+00  -2.1714159e-01   2.7532615e-01  -1.1479382e+00   8.2780213e-01  -6.9730098e-01  -1.0682125e+00   6.5467559e-02   1.4740851e-01   3.8322236e-02   1.1676558e+00
   2.0000000e+00  -1.4456931e-01  -5.7122425e-01   1.4073687e+00  -9.0972952e-01  -3.4408296e-01  -7.5145075e-02   4.6073051e-01   1.2338694e+00   2.8894835e-01   1.6807777e+00
   1.0000000e+00  -1.0309800e+00  -4.4851390e-01  -4.7567977e-01  -5.9086852e-01   3.9664141e-01  -1.8316873e-01  -2.5762241e-01  -6.9482064e-02  -1.4170483e+00   4.3937177e-01
   2.0000000e+00   1.6192781e+00  -1.0428586e+00   3.5876782e-02   9.1125982e-01  -5.5633639e-01   1.5814302e+00  -1.0370967e+00   7.0258408e-01   5.2968343e-01  -2.8204798e-01
   2.0000000e+00  -5.9391619e-01   6.0044590e-01  -2.3441891e-01   6.7604342e-01  -5.5823563e-01  -8.1442910e-01   8.2928701e-01  -1.0832597e+00   6.8882315e-01   6.9735571e-01
   2.0000000e+00   7.3480818e-01  -1.1828223e+00  -1.1481708e+00  -1.5536249e-01  -2.0643073e+00   5.4902312e-01   2.6564718e+00  -1.1389297e+00  -2.1920128e+00   5.0185547e-01
   1.0000000e+00  -1.9475351e+00  -2.2338854e-01  -2.9872452e-01   3.3712939e-01   8.8654358e-02  -6.7962008e-01   1.1286223e+00   8.3651092e-02   2.1352034e-01  -5.8902712e-01
   1.0000000e+00   9.2075808e-01   2.0766419e+00   1.4963582e-01  -1.3420465e+00   5.0039943e-01  -3.9982657e-02   7.1029755e-01  -1.6800720e-01  -1.1779174e-01   4.7980320e-02
   2.0000000e+00  -1.8193914e-01   2.8874445e-01   8.1166256e-01  -1.0252823e-01  -3.6376065e-01   1.8628005e+00   1.3185691e-01  -9.6693731e-01  -1.5979824e-01   2.3895753e+00
   2.0000000e+00  -9.5392735e-01  -7.3478151e-01  -5.3208191e-01   2.4510011e-01  -1.3845043e+00   1.1242137e+00  -8.2800193e-01   9.2833555e-01  -2.2407149e-01   1.0711957e+00
   2.0000000e+00  -6.3507644e-01  -1.7523724e+00  -1.5096210e+00  -2.1103581e+00  -5.7524380e-01   1.1393332e-02   1.3598744e+00   9.8917638e-01   1.3605743e+00   1.0985334e+00
   1.0000000e+00  -7.7462959e-03   2.2073811e+00   6.2112202e-01  -3.6348188e-01   4.6206215e-01  -5.5706197e-01   6.5523176e-01  -2.6221749e-01  -1.0549582e+00   1.6381524e+00
   2.0000000e+00  -4.5717221e-01  -5.2068290e-01   8.5189276e-01  -1.1971165e+00  -4.0276206e-01   9.2588147e-02   1.4874114e+00  -1.1491981e+00   3.4010936e-01   2.5526689e-02
   1.0000000e+00   2.0262702e+00  -1.6476561e+00  -3.2500365e-01  -3.8848714e-01   5.8163664e-01  -3.6664015e-01   7.4761961e-01  -5.7515168e-01  -1.2273974e+00  -6.2403953e-01
   2.0000000e+00  -3.0228164e-01  -2.5691962e-01  -8.0138786e-01  -1.1182115e+00  -4.8118407e-02  -6.0325333e-01  -1.7848599e+00  -3.4799145e-01   6.7195905e-01  -3.2305137e-01
   1.0000000e+00   1.3842104e+00   2.5582632e+00  -4.9805098e-01   4.8329845e-01   4.1211261e-01   6.1209145e-01  -1.4236670e-01  -9.7683318e-02  -2.4573993e+00   2.7745462e-01
   2.0000000e+00  -2.2473401e+00   1.9037433e+00  -5.6475925e-03  -1.9500380e+00  -2.2251877e-01  -2.2427856e-01  -4.5323875e-02  -5.7265104e-01   3.5525532e-01   1.9754483e-01
   2.0000000e+00   4.7983442e-01  -6.2090393e-01   1.1393331e+00  -1.5827902e+00  -1.1674075e+00   2.1783060e-01  -6.8549357e-01  -6.0056767e-01  -1.0878068e-01   8.2761178e-01
   2.0000000e+00   1.1008727e+00   1.5820623e+00  -9.3288213e-01   4.0064120e-01  -7.4449595e-01   7.0544242e-01   5.9185477e-01  -7.0164431e-01   1.6292576e-02  -1.2158555e+00
   2.0000000e+00   9.1134683e-01   2.0586472e-01  -2.2094773e+00   1.1741737e+00  -6.7718631e-01  -7.9361659e-01   6.6491200e-01  -1.5847666e+00   1.0161413e+00   3.4149587e-01
   2.0000000e+00   1.6036082e+00  -1.4488865e+00  -2.2762617e+00   1.8670037e+00   1.4317709e+00  -1.2229842e+00   6.1567903e-01   4.6103859e-01   1.0586442e+00  -2.2562747e-01
   2.0000000e+00   9.0792393e-01   2.6921255e-01  -4.6686633e-01  -2.7210434e-01   2.2994400e-02  -9.4512115e-01   8.2787818e-01  -1.0841239e+00   1.2536783e+00   5.9266233e-01
   2.0000000e+00   1.7200956e-01  -1.5744972e+00  -1.0361892e+00  -1.1675204e+00   1.4303538e+00   1.6864889e+00  -2.0637167e-01   1.1038499e+00   2.5429415e-01  -3.6188434e-01
   2.0000000e+00  -1.8119687e+00  -1.0421128e-01   1.3870956e+00  -5.0328704e-01   1.7737958e-01  -3.8244679e-01   8.8689608e-02   1.9034766e+00  -2.4996500e-01  -1.0209875e+00
   2.0000000e+00  -4.7554410e-01   6.7297235e-01  -1.8332580e+00  -1.2194050e-01  -1.2896945e+00   8.3872589e-01  -2.0464536e+00  -7.2132555e-01   5.8569219e-02  -8.6464999e-01
   2.0000000e+00  -1.8511545e+00   4.2004971e-01  -1.6122516e+00  -2.6931955e-01  -9.0257427e-01   5.1482264e-01   5.3413963e-01   6.9387437e-02   2.0416089e+00  -8.9485876e-02
   2.0000000e+00   7.0964988e-01  -2.3314917e-01  -1.8788482e+00  -4.5167905e-01  -4.2569712e-01   5.9038079e-01  -5.7588329e-01   5.7776380e-01  -7.3615170e-01  -1.2118418e+00
   2.0000000e+00  -1.3717372e+00   6.5951281e-01  -8.5102730e-01  -1.2996417e-01  -9.4018764e-01  -9.5504943e-01   5.7607955e-01   8.3832080e-01   2.1763308e+00  -7.8816849e-01
   2.0000000e+00  -4.7120333e-01   8.0151852e-01   4.6279315e-01  -2.4295911e-01   2.2295486e+00  -1.3001442e-01   5.6112231e-01   3.8170573e-01  -1.0607332e+00   1.5468300e-01
   2.0000000e+00  -1.7176718e+00  -4.2808870e-01  -1.4239625e+00  -5.0607512e-01  -6.6932520e-01  -1.1104612e+00   6.4915295e-02   3.6446782e-01  -7.6673706e-01   1.9655358e-01
   2.0000000e+00  -4.1277106e-02   1.5197272e+00   2.1410668e+00  -4.8347299e-01  -8.2758627e-01   9.0817121e-01   1.6561530e+00   5.2154699e-01  -8.5106823e-01   7.3640964e-01
   2.0000000e+00  -2.0390617e-01  -3.7605497e-01  -2.0455747e+00  -1.2301811e+00  -5.5391463e-01   3.6919853e-01   7.9312789e-01   9.0079936e-01  -1.0594258e+00   1.3416196e+00
   2.0000000e+00  -3.9663912e-01   1.5787651e+00  -9.1188624e-01  -1.7326029e-01  -8.4528650e-01  -7.6388018e-01  -1.2636934e+00   8.5230699e-01  -6.0099486e-02  -7.4491267e-01
   2.0000000e+00  -1.8632741e-01   1.7948303e+00  -4.8565526e-01   1.3668491e+00   1.4483418e+00   9.2195527e-01   9.7049191e-01  -7.8307880e-01   8.5233397e-01   7.6695382e-01
   1.0000000e+00   2.1192355e+00   1.9039068e-02   1.9692691e-01   1.5163208e+00   1.6875994e-01   3.0064859e-01  -5.0754820e-01   2.1090191e-01   5.2524188e-01   1.5024662e-01
   2.0000000e+00  -8.7573575e-01   1.6886611e+00  -8.2569097e-01   1.1590768e+00   1.0435783e+00   1.7681259e-01  -1.2465159e+00   2.9316543e-01  -6.7214483e-01   2.6571514e-01
   2.0000000e+00   3.6753704e-01  -1.9188388e-01   3.8034340e-01   5.0934452e-01  -1.7625020e+00   2.6299703e+00  -2.2202671e+00   8.9461244e-01   1.3415844e+00   1.6789676e+00
   1.0000000e+00  -1.2424548e+00  -3.4660631e-01   1.7964194e+00  -2.8790066e-01   6.5830693e-02   4.7801043e-01  -1.7927522e-01  -7.9974933e-02   8.4788208e-01  -3.3524120e-01
   2.0000000e+00  -1.6672699e+00  -1.5380323e-01  -5.8672439e-01  -2.6919856e-01   1.2811772e+00  -8.9673283e-01  -7.3158305e-01  -8.5246478e-01   5.3257575e-01   6.4724254e-02
   2.0000000e+00  -2.9506154e-01  -8.1204870e-01  -1.0354653e-02   6.6813858e-01  -1.3820270e+00   8.5923569e-01   1.3325274e-01  -1.0111198e-01  -1.5033762e+00  -1.5275323e-01
   2.0000000e+00  -4.9445499e-01  -1.9009312e+00  -4.9232735e-01  -7.7362016e-01   1.4557455e+00   6.7118307e-01   6.5135969e-01   1.1954960e+00   1.0250050e-02  -1.2060530e+00
   1.0000000e+00  -2.0122073e+00   2.2782041e+00   2.9592702e-01   2.1269202e+00   3.4469303e-01   1.3990259e+00   1.2016669e+00  -2.8248989e-01  -9.2317153e-01   8.8647362e-01
   2.0000000e+00  -2.2630635e+00   6.8891452e-02  -3.3832798e-01  -4.2772933e-01   3.0445573e-01   1.9187177e+00  -2.8335597e+00  -6.3192053e-01  -1.1475118e+00  -7.5315771e-01
   1.0000000e+00  -1.6784806e-01  -9.1929063e-01  -2.4829671e-01  -8.3842840e-01   3.2900483e-01  -1.3716192e+00   7.2015861e-01  -1.7552135e-01  -1.3220750e+00  -1.1640941e-01
   2.0000000e+00  -8.8057434e-01   8.4387348e-01  -1.5201220e+00   4.8144734e-01   4.9865328e-01  -2.0884906e+00  -7.8662604e-02   9.5688968e-01   1.3326963e+00   1.9008595e+00
   2.0000000e+00   2.5025911e-01   3.3282613e-01   1.4933445e+00  -8.6349490e-01  -8.4273362e-02   6.0007423e-01  -7.9677876e-01  -3.5600941e-01   2.0260380e+00  -5.5530721e-02
   2.0000000e+00  -1.6443079e-01  -5.6101936e-01  -5.7169337e-01   1.0534475e+00  -1.3072655e+00  -1.6969215e+00   4.3843153e-01   3.8795208e-01   2.1003229e+00  -5.9335852e-01
   2.0000000e+00  -1.5878070e+00   3.4042744e-01   6.4277475e-01  -1.2765111e+00  -1.1080751e+00  -1.5031739e+00   4.5474019e-01   9.1926133e-01   6.4287056e-01   7.5754365e-01
   2.0000000e+00  -7.2646817e-01  -6.4625108e-01  -5.9049383e-01   6.5717124e-02  -1.2843988e+00   1.0532135e+00   1.2889012e+00  -1.4546177e-01  -2.4288457e-01  -1.7386729e-01
   1.0000000e+00  -1.4662640e+00   1.4900613e+00   1.5031612e+00  -1.7792189e+00   1.3903832e-01   1.0694947e+00  -3.7115241e-01  -3.0969709e-01   9.8889605e-01  -3.2944082e-01
   1.0000000e+00  -7.4757231e-01  -4.5877502e-01  -1.1441042e-01  -8.0164632e-01   4.1961757e-01   1.0087719e-01  -1.4229448e-01   1.6495435e-01  -1.5771118e-01  -3.1122907e-01
   2.0000000e+00  -1.3513984e+00   7.4760454e-02   8.1947397e-01  -8.6344307e-01  -1.9187740e-01   8.9932525e-01  -1.3299523e+00   6.4984738e-01  -2.4931895e-02   3.7938270e-02
   1.0000000e+00   2.3741204e-01   2.2759845e+00  -1.1171347e+00  -5.1320174e-01   1.1976415e-02   1.1711257e+00  -1.4404439e+00  -4.4536349e-01   6.6749620e-01   4.2444561e-01
   2.0000000e+00  -6.7850498e-01   5.6652752e-01   3.4952663e-01   1.1828386e+00  -3.3843827e-01   1.1344179e-02   1.4104233e+00  -1.0215356e+00   5.5830462e-01   4.4792270e-01
   1.0000000e+00   7.6296338e-01  -7.7779936e-01   8.4190991e-01   6.4820573e-01   3.3170887e-01   5.4214153e-01   4.7767510e-01  -6.6329337e-01  -1.3334903e-01   1.2437927e-01
   2.0000000e+00  -2.2575447e-01   6.1162309e-01   1.4023598e-01  -7.9355953e-01  -7.0400238e-01   6.0584927e-01  -6.3994645e-01  -1.1925287e+00  -1.8006112e-01   7.5048543e-01
   2.0000000e+00  -8.0173406e-01   6.0266469e-01  -7.0121861e-01   3.5212289e-01  -6.0260654e-01   3.9948303e-01  -1.2208514e+00   8.9395079e-01   3.6403471e-01   1.4860569e+00
   2.0000000e+00  -2.9485091e-01   1.9556972e+00  -3.6430016e-03   3.9511195e-01  -3.7588359e-01   2.4822688e-01   7.6859840e-01   1.0322036e+00  -7.4700057e-01   5.2629712e-01
   2.0000000e+00   1.8258145e+00  -1.0019723e+00   5.8366776e-01  -4.1449466e-01   1.5869219e+00  -6.6071504e-02   2.2985753e+00   1.1989571e+00  -6.9678243e-01  -1.5364809e+00
   2.0000000e+00   1.4195999e+00   6.2031473e-01  -1.4629946e+00  -1.2148913e+00   8.1548385e-01  -8.4795310e-02   9.8633065e-01   7.4878797e-01   1.2510936e+00  -1.1146999e-01
   2.0000000e+00  -4.7545135e-01   3.2776659e-01  -4.6352498e-01  -9.1305453e-01  -4.8561932e-01  -3.2580366e-01  -7.9064775e-01  -7.2280848e-02   1.5203192e+00   4.5152665e-01
   2.0000000e+00  -2.7406952e-01  -5.3663825e-01  -8.7281035e-02   9.3613518e-01  -2.1911024e-01  -2.4602671e+00   1.8376684e-02  -9.3493225e-03   7.2656022e-01   5.4514088e-01
   2.0000000e+00  -7.3449635e-01   1.5248298e+00   6.6502914e-01  -5.0124437e-01   8.6886715e-01  -3.6985270e-01   1.0058417e+00  -1.0173123e+00   7.2347263e-01   6.7131612e-01
   2.0000000e+00  -1.0893971e+00  -6.8827923e-01  -6.5269585e-02   8.2497696e-01  -1.7076579e-01  -5.6985700e-01  -1.5451456e+00   3.8940323e-01   7.4467810e-01  -2.8419586e-01
   2.0000000e+00   5.9595707e-01  -6.4189352e-01   1.5606326e+00  -1.3546078e+00   8.8999330e-01  -1.7251379e+00   7.9225968e-01   1.4213198e+00   9.4236185e-02   8.5574914e-01
   2.0000000e+00  -2.4474395e+00   4.2560657e-01  -1.3762147e+00   5.0069289e-01  -1.5715079e+00   8.6654898e-01   1.2376852e+00  -3.9907678e-01  -4.0000692e-01  -3.4142516e-01
   2.0000000e+00  -9.5221628e-01  -5.6536251e-02   1.5147390e+00  -2.0819610e+00   2.0734886e-01  -4.3575674e-01  -6.5295609e-01   1.0395333e+00   1.3942609e+00   1.7747726e+00
   2.0000000e+00  -3.8195863e-02  -8.2741547e-02  -3.5933985e-01  -4.4651228e-01   1.0026925e+00  -9.1975463e-02  -6.0694183e-01   9.4990342e-01  -9.1822987e-01   2.2867066e-01
   2.0000000e+00   8.3199690e-01  -6.8602518e-01  -9.2943440e-02   2.5116909e-01   8.5752424e-01  -2.7021550e-01   2.0848387e-01  -4.0106593e-01  -6.8638629e-01   2.7298851e+00
   2.0000000e+00   7.8545515e-03   9.4898481e-01   7.5737952e-01   2.3727533e+00  -4.3278185e-02  -1.2754541e-01   1.7998908e+00   1.0306024e+00  -1.9773072e-01   1.4384442e+00
   2.0000000e+00  -1.5023994e-01   6.7714801e-01  -8.4964068e-01  -8.3331764e-01  -1.6966987e+00  -1.7695359e+00  -2.1454091e+00   1.3295371e-01   5.2522203e-01  -2.8232784e-01
   2.0000000e+00  -4.6461134e-01  -1.1636236e+00   1.1876994e+00  -1.1144622e-01  -1.4937543e+00   1.9891062e+00  -4.0138188e-01  -8.4076504e-01  -1.8814121e+00  -1.6144038e+00
   2.0000000e+00  -6.8686340e-01   9.9885976e-01   1.3766016e+00  -9.8196369e-01   6.0589229e-01   5.0046019e-02  -3.2608232e-01   1.2979450e+00   5.5361585e-01   2.5307570e-01
   2.0000000e+00   1.4112851e+00  -5.4795637e-01  -2.0060331e-01   4.9299818e-01   9.7236059e-01  -3.6896994e-01   3.4365431e-01   5.8192293e-01  -5.9783390e-01   1.6126500e+00
   2.0000000e+00  -1.1521926e+00  -1.4937730e+00  -8.5858110e-01   7.2908434e-01   1.1464020e+00  -1.2034217e-01  -1.3682180e+00  -7.7544471e-01  -2.2649010e-01   2.0495711e-01
   2.0000000e+00  -5.4990210e-01   7.0538251e-02  -4.9075222e-01  -1.3153796e+00  -6.2319071e-01  -6.1016846e-01   1.1086441e-02  -4.4821782e-02   6.5760721e-01  -9.8748279e-01
   1.0000000e+00   1.1863108e-01   6.7783249e-01   5.3700881e-01  -6.2275594e-02   2.5686981e-01  -7.4084111e-01  -4.9808928e-01   6.1365581e-01  -8.0420089e-01  -1.1077860e+00
   1.0000000e+00   1.0049049e+00   2.7273605e-01   7.5124392e-01   5.7608661e-01   6.3839946e-01   8.3329557e-01   5.2185301e-01   1.7284189e-01   1.3673077e+00  -1.0967472e+00
   2.0000000e+00   7.1810962e-01  -7.8272616e-01   1.5988594e+00  -1.3758640e+00   8.3587801e-01   5.3754877e-01   8.0039001e-01   7.9111813e-01   2.0649914e-01  -1.2736113e+00
   2.0000000e+00  -1.1669283e+00  -4.4577299e-01  -3.1668405e-01   1.1903043e+00  -8.8033236e-01  -4.6687753e-01  -5.3507781e-01  -1.4026308e-01  -5.3229199e-01  -1.3904927e+00
   2.0000000e+00  -1.4109938e+00   7.9295784e-01  -6.6518778e-01   9.5595754e-01   8.7213002e-01  -8.7911371e-01   5.9998960e-01  -2.3902416e-01  -5.7642109e-01   1.2178715e+00
   2.0000000e+00  -2.5183043e-01   1.8352922e-01   1.2759274e+00   1.7433157e-01   7.9349068e-01  -2.7097708e-01   1.9250021e+00   1.0245389e-01  -1.8304631e-01   1.4735011e+00
   2.0000000e+00   3.9618018e-01   5.9383403e-01  -4.5562703e-01   5.8748246e-01  -5.0576907e-02  -5.6521200e-01  -7.5341080e-01   9.8053461e-01  -9.6850023e-01  -2.1112440e-01
   2.0000000e+00   5.4404054e-01   2.4045131e-02   2.4385302e+00  -1.2214041e+00  -8.8100101e-02   1.1459567e+00   2.9349708e-01  -1.6240384e+00   9.9964357e-02  -5.7932963e-01
   2.0000000e+00  -1.0231387e+00   5.9711488e-01   2.5257626e-01   1.4163943e+00   4.9776856e-01  -1.4456803e+00   9.2560871e-01   1.0744339e+00   6.1881463e-01   7.3462230e-01
   2.0000000e+00   1.0051425e+00  -1.5976790e-01   1.0954082e+00  -2.1623770e+00  -8.9066017e-01  -1.0165657e+00   4.1423168e-01   1.1072385e+00  -2.0374660e+00   1.1941537e+00
   2.0000000e+00   1.1485336e+00   5.2336765e-01  -9.4073637e-01   8.1749111e-01   4.2557599e-01   8.3575693e-01   2.1477943e+00  -1.3906822e+00  -9.4235613e-01   6.1810722e-01
   1.0000000e+00   4.4423705e-01  -2.1420779e+00   1.4676784e-02  -5.8471541e-01   4.6975965e-03  -7.4176315e-01  -1.8800797e-01  -1.3308536e-02   1.0077897e+00   8.5006511e-01
   2.0000000e+00  -7.8504708e-01  -4.5730764e-01  -1.1195083e+00  -2.1116793e+00  -1.0982541e+00  -1.5831681e+00  -1.3797781e-01   1.3145377e-01  -1.2624434e-01  -1.3322164e-01
   2.0000000e+00  -1.7100309e+00   9.3262534e-01  -5.0767030e-01  -2.0804775e+00  -5.3432770e-01  -8.7171210e-01   1.0011147e-01   3.7943126e-01  -6.2603410e-02   5.2615377e-01
   2.0000000e+00  -5.7269456e-01  -4.2873671e-03  -1.6258750e+00   5.2283633e-01   1.4700093e+00   7.3160359e-02  -6.4979479e-01   5.2970170e-01   7.7431316e-02  -7.0023513e-01
   2.0000000e+00   1.3760828e+00  -1.7672816e-01  -8.4910130e-01  -1.0828670e+00   4.0224873e-02  -1.3447598e+00  -1.5557688e-01   1.3601156e+00  -5.3360019e-01   3.9042027e-01
   1.0000000e+00  -7.8050274e-01  -1.5450099e-01  -1.8884764e+00  -7.4631861e-01   1.7853917e-01   7.2229209e-02   1.7912715e+00   5.6498363e-01   4.7542732e-01   9.2695111e-01
   2.0000000e+00  -4.9297308e-01   2.3347000e-01  -1.2568174e+00   3.8003403e-01  -1.3168361e+00  -6.8417706e-01  -8.6693980e-01  -3.1919567e-01   3.3185381e-01   3.4829577e-01
   2.0000000e+00  -5.2602800e-02  -3.5321474e-01  -6.3511966e-01   7.2011062e-01   1.0378200e-01  -6.4058069e-01   9.3409450e-02   1.4854865e+00  -3.1175853e-01   4.1460591e-01
   2.0000000e+00  -1.4878987e+00   8.9586011e-01   1.8191725e-01   1.8416551e-01  -7.8915010e-01  -3.0065751e+00   4.9325221e-01   1.8562521e-01   9.4945078e-01  -9.3050212e-01
   2.0000000e+00   9.6471258e-02  -1.8907451e+00   1.0129309e+00  -8.4268570e-01  -1.0177112e+00  -6.8958857e-01  -8.4916698e-01   2.7952694e-01  -9.1720018e-02  -1.0723050e+00
   2.0000000e+00   1.5731013e+00  -1.0864101e+00   4.5209002e-01  -1.9310190e+00  -2.9358801e+00  -7.9142151e-02  -7.3271964e-01  -4.2649610e-01  -4.6329474e-01   1.6668789e-01
   2.0000000e+00   1.2180238e+00   1.6999457e-01  -2.4918626e-01   1.8548255e+00   1.0461790e+00  -6.3879923e-01   4.3922897e-01   6.6421158e-01   1.7112746e-01   4.3795183e-01
   2.0000000e+00   5.8273928e-01   8.4393671e-01   1.3509612e+00   1.1628677e+00   1.0405631e+00   4.3864295e-01   7.6615966e-01   1.1166229e-02   3.9034109e-02  -3.8155481e-01
   2.0000000e+00   6.6955120e-01  -7.3371922e-01  -2.7401656e+00  -1.5394687e-01  -8.1804057e-01  -1.8751974e+00  -7.0893737e-01  -1.1367409e+00  -9.2292981e-01  -7.4482604e-01
   2.0000000e+00   1.1174028e+00   2.6558812e-01  -4.4580803e-04  -1.7761088e-01   1.3078597e+00   2.5093840e-01   7.6193599e-01   1.7240762e+00   3.0934847e-01   3.7237022e-02
   2.0000000e+00   4.9529524e-01   1.0834140e+00  -1.5004318e+00  -1.2436852e+00   4.3010642e-01  -5.9688565e-02  -1.7932146e+00   1.5611648e+00   5.9668509e-01  -3.4581659e-01
   2.0000000e+00   1.0884165e+00  -7.8946130e-01   1.4287933e-01   7.2218976e-01   5.5196141e-01   6.1479421e-01  -6.5153824e-01  -8.1277150e-01  -1.2198386e+00   6.1088959e-01
   2.0000000e+00  -6.2439984e-01  -1.1055883e-01   7.2185361e-01   4.3574741e-01   1.6229297e-01  -2.9344187e-01  -1.0045470e+00  -2.1325895e+00   1.2264422e+00  -2.1543270e-01
   2.0000000e+00   8.1154092e-01   1.4513973e+00  -8.4346599e-01  -1.4011236e+00  -1.2607998e+00   8.4730943e-01   4.9555326e-01   5.7346365e-02  -3.8365239e-01  -6.6235020e-01
   2.0000000e+00   6.7779531e-01  -2.3056663e+00  -1.1465321e+00   1.6369867e+00  -2.5133042e-01  -5.2514909e-01   6.7800415e-01  -4.0187606e-01  -9.4190820e-02   1.0647717e+00
   2.0000000e+00  -8.5421507e-01   7.0782114e-01  -1.3415278e+00   9.1756384e-01  -5.7811979e-01  -1.3160400e+00   1.0494783e+00   7.2217300e-01   6.7516746e-01   1.5076999e+00
   2.0000000e+00   2.7954202e-01  -1.3062116e+00  -3.1894775e-01   1.1540344e-01  -7.7696286e-01   9.0711060e-01   3.8189039e-01  -6.1953226e-01  -1.3035378e+00  -9.1719092e-01
   2.0000000e+00  -2.2316704e+00  -1.0591823e+00  -1.5985676e-01   5.7999974e-02   1.0792854e+00  -1.2680270e+00  -9.9400123e-01   5.5199724e-01  -1.0716708e-02  -1.8635466e+00
   2.0000000e+00   2.0143473e-02   4.6661797e-01   4.7750699e-01  -2.5486625e-01  -1.3717040e+00  -8.0728164e-01   2.0538095e+00   2.0934012e+00  -1.1781845e+00  -6.6080260e-01
   2.0000000e+00   6.0079929e-01  -8.5957542e-01  -9.7446837e-01  -1.3806027e-01  -2.1733319e-01   1.2591950e+00   8.3454068e-01   2.3044005e+00  -3.4206751e-01   6.3861390e-01
   2.0000000e+00  -7.3084012e-01   1.1949870e-01  -1.4278432e-01   2.5697118e-02   7.6046487e-01   3.9161932e-01   5.5111470e-01   7.7019828e-01   1.0478416e+00  -2.1348807e-01
   2.0000000e+00   3.5294332e-01  -8.5215787e-01   1.1043427e+00  -1.6795076e-02   8.1166615e-01  -1.5595047e+00  -8.3165745e-01  -1.7560918e+00  -1.5218543e+00  -6.1163683e-01
   2.0000000e+00  -1.1136911e+00   7.9127993e-01  -3.9990309e-01   1.5311559e-01   1.3300967e+00   7.4662245e-01   1.8132907e-01   4.1510565e-02  -1.0898227e+00   5.1466904e-01
   1.0000000e+00  -2.4826523e-01  -1.1320311e+00  -4.3516858e-01   4.6798409e-01   3.9000195e-01   1.2039895e-01  -1.5947500e-01  -1.6831282e-01   7.0897246e-01  -1.1163411e+00
   1.0000000e+00  -4.1042674e-01  -5.8029899e-01  -2.9171046e+00  -9.4315867e-01   7.2520108e-01  -7.1688981e-01   4.3534091e-01   2.7781617e-01  -5.9897540e-02   5.6588406e-01
   2.0000000e+00  -8.5983441e-01  -9.6127447e-01  -6.6418026e-01   2.3965255e-01  -8.7585348e-01  -1.4985002e+00  -1.2596090e-01   1.6213536e-01   9.2052736e-01  -7.5204176e-01
   2.0000000e+00   5.0047535e-01  -9.1477814e-01  -5.6059581e-01  -7.0294090e-04   3.7198977e-01  -8.3147846e-01   1.1404837e+00   9.0652445e-01   4.0125748e-01  -1.3135066e+00
   2.0000000e+00   4.5405720e-01   7.3754337e-01   1.8811702e+00   1.5177560e+00   7.7227554e-01  -7.8661587e-01  -1.7860620e-02   6.9719329e-01   5.5483107e-01   1.0995692e+00
   2.0000000e+00  -5.2609019e-01  -4.4542427e-01   2.4189291e-01   6.2502928e-01  -3.7603316e-01  -1.3290639e-02   1.1712278e+00  -3.0541461e-01   9.5226511e-01  -2.3454934e-01
   2.0000000e+00  -6.1579812e-01   8.1354672e-01   8.9737546e-02  -2.5599013e-01   5.9908786e-01   2.6139449e-01  -7.3655482e-01  -8.1160283e-01   1.5813628e-01  -1.9287868e-03
   2.0000000e+00   2.9523243e-01  -9.0085396e-01   1.3096122e+00   7.3244185e-01   1.0553648e+00   8.1603799e-01   6.9261988e-01   7.9280589e-01  -4.6829484e-01   4.2649151e-01
   2.0000000e+00   8.7265542e-01   6.8884151e-01  -1.8086053e+00  -9.7255374e-02  -7.7339203e-01  -4.9951430e-01   1.6518120e+00  -7.3960122e-01   1.2419486e+00   4.6564562e-01
   2.0000000e+00  -1.8741029e+00   6.4779990e-01  -7.1848601e-04   1.9184986e-01   1.3004422e+00   3.6670456e-01   1.5968611e+00   2.3223938e-02  -8.2305915e-01  -1.0556749e+00
   2.0000000e+00  -8.8007019e-01  -3.6422271e-02   1.0448601e+00   1.7157330e+00  -7.8411182e-01   4.4170191e-01   5.1211962e-01  -6.2607246e-02   3.7649411e-01  -1.1218124e+00
   2.0000000e+00   1.4528103e+00  -1.3732872e+00   4.9088025e-01  -1.4663875e-04  -1.6778170e+00  -4.8576047e-01  -3.4726910e-01   3.7735171e-01  -1.0937304e+00  -2.9219832e+00
   2.0000000e+00  -4.6545246e-01  -2.0976720e+00  -1.0520161e+00  -2.8760047e-01  -7.3933649e-02  -7.3821048e-01   1.0343210e+00   2.2364274e+00  -6.8687215e-01  -6.6309040e-01
   2.0000000e+00   1.0765199e+00  -1.4226273e+00   1.1450406e+00  -9.0836082e-01  -3.3079148e-01   9.9554387e-01  -1.3529328e+00   1.1898009e+00  -9.7253558e-01   6.5746574e-01
   2.0000000e+00   3.8638270e-01  -2.0213170e-01  -2.8409926e+00  -2.0652792e-01  -2.1418532e-01   1.1812950e-01   6.5338259e-01  -3.7114604e-01   4.3602196e-02  -1.0433494e+00
   2.0000000e+00  -6.0235990e-01  -7.7000483e-01  -2.7989910e+00   1.9718359e+00  -5.6354627e-02   1.2372772e+00   1.7097107e+00  -1.5884326e+00   1.2352996e+00   8.4743663e-01
   2.0000000e+00   2.8161338e-01   1.4381358e+00  -1.5561877e+00   4.4870622e-02   2.1146279e-01  -1.4302794e+00   7.5781802e-01   1.2924260e+00  -6.6563306e-01   4.8790673e-02
   2.0000000e+00  -9.3922737e-01  -9.0985212e-01   8.3630089e-01   6.3735674e-02  -1.4269967e+00   4.7346807e-02   7.2249721e-01   8.5871066e-02   1.6436310e-01   2.8600602e+00
   2.0000000e+00   1.9062549e-01   1.1532311e-01  -4.6064759e-01  -5.1500771e-02   7.5708464e-01   1.0467924e+00   3.3314712e-01  -1.4836329e+00   3.9321733e-01   1.4147099e-05
   2.0000000e+00   1.7134970e+00  -1.7610779e+00   3.1175970e-01  -2.2337633e+00   7.4197673e-01   4.6928005e-01   1.1363477e-01  -1.1921427e+00   1.5599672e+00   2.7716851e-01
   2.0000000e+00   5.7277961e-01   2.1711478e-01  -1.5828261e+00   1.3019399e+00   1.2504238e+00   8.7950926e-01  -1.1810910e+00  -1.8317351e-02   8.2509039e-02   3.4588353e-01
   2.0000000e+00   5.6085088e-01   3.2171341e-01  -2.8351671e-01  -4.2348291e-01  -8.4660267e-01   6.4195971e-01  -6.2696424e-01  -1.5707592e-01   9.9958924e-01   3.4831995e-01
   2.0000000e+00  -2.6713665e-01   7.2157832e-01   5.7348255e-01  -9.7121918e-01  -1.4549563e+00  -1.6938029e+00   1.9776175e+00   3.4358603e-01  -5.3683955e-01   1.1462461e+00
   2.0000000e+00   3.8078893e-01   8.1882341e-01   1.4629494e+00   6.5802723e-01  -3.8542839e-01  -9.8927133e-02  -4.4509803e-01   5.3521580e-01   2.5055956e+00  -1.6083337e+00
   2.0000000e+00   1.2717530e+00  -6.8253477e-01  -1.0513319e-01  -5.5949044e-01  -2.0080519e-01   2.6863082e+00  -5.3486512e-01   1.2349616e+00   6.0712005e-01  -1.3651276e-02
   2.0000000e+00  -7.7166329e-01  -1.1080765e+00  -8.5878762e-01  -3.8916934e-01   7.5879666e-01  -2.1428832e-01   1.0361929e-01   5.8395445e-01  -1.1644601e+00  -7.8930035e-01
   2.0000000e+00  -6.7181673e-01   8.6008888e-01  -1.9695912e-01  -3.8877781e-01  -6.4585046e-01  -7.7708310e-01   3.2813143e-01   4.2670750e-01  -1.0183125e-01  -4.6603494e-01
   2.0000000e+00   1.1493307e-02  -1.7221975e+00  -2.0261706e-01   4.5206528e-01   2.0832258e+00   2.8349933e-01   1.7813797e+00   7.0972220e-01  -4.9007080e-01  -5.1787502e-01
   2.0000000e+00  -7.4408272e-01   1.6085533e+00  -1.1879355e+00   5.7704047e-01  -1.0672792e+00   7.5953160e-01  -1.4249699e-01   4.2574948e-01  -1.3326224e-01   1.2585216e+00
   1.0000000e+00   2.6161517e-01  -4.9846365e-01  -8.1602442e-01   2.4764028e-01   7.6700765e-01   9.4556246e-01  -1.6495124e+00  -3.5920209e-01   2.3169639e-02   4.2100467e-01
   2.0000000e+00  -8.4679103e-01  -5.5050339e-01  -1.2346160e+00  -8.1288401e-01   1.1375318e+00  -2.6344854e+00  -2.2821174e-01   6.9966454e-01   7.5179338e-01   1.4745869e+00
   1.0000000e+00  -1.1153703e+00   1.4620831e+00  -1.0950134e+00   1.7425654e+00   7.1320310e-01   1.1015078e+00  -7.6217480e-01  -1.2556095e-01  -8.9320634e-02   7.1729145e-01
   1.0000000e+00   9.6311231e-01   1.1610237e+00   3.8666804e-01  -8.5122563e-01   3.2874598e-01   8.0579342e-01  -5.2500861e-01   3.0012938e-01  -5.1046883e-01  -2.2897544e-01
   2.0000000e+00   3.6731300e-01   1.1307399e+00  -5.3842902e-01   4.2652633e-02  -1.0828422e+00   1.5409964e-01   3.2778910e-01  -3.5545438e-01  -9.2564973e-01  -4.2528799e-01
   2.0000000e+00   1.3741234e+00   3.8413082e-01  -1.2300842e+00   1.0982801e+00  -1.2232629e+00  -1.2965650e+00  -5.7504429e-01   1.2490745e+00   1.1839408e+00  -1.3900529e+00
   1.0000000e+00  -1.5545213e+00  -3.1617315e-01   5.8955143e-01  -1.5354061e+00   7.3459059e-02   8.0995597e-01   8.6498739e-01   6.1932012e-01   1.4899867e-01  -7.4151181e-01
   2.0000000e+00   8.3392108e-02   2.2424268e-01  -2.0256461e+00  -5.9483001e-01   8.2408467e-01  -9.3104715e-01  -1.5300860e+00   2.0107839e+00   2.1693667e-01  -3.7119748e-01
   2.0000000e+00   2.1723044e+00   8.8773493e-01   3.7982892e-01   6.8226868e-01  -7.1758414e-01  -3.9684632e-01   5.2442687e-01   1.9687990e+00  -2.7724139e-01  -1.2026995e+00
   2.0000000e+00  -7.0549595e-01  -5.6627890e-01   1.1136572e+00   1.0976677e+00  -1.3347150e+00   7.3963458e-01   4.3298967e-01   8.0826149e-01   1.4619866e-01  -4.1045204e-01
   1.0000000e+00  -5.8876334e-02   6.4921633e-02   1.2685583e+00  -2.1516112e+00   2.9435252e-02  -1.4358803e+00  -9.9185358e-02   2.9404827e-01  -2.3633247e-01   7.0132384e-01
   2.0000000e+00   2.0273692e+00  -7.7510692e-01  -3.3692099e-01  -3.4362815e-01  -7.4665952e-01   6.3219534e-01  -5.1957351e-02   5.2630891e-01   9.9753601e-01  -4.5335951e-01
   2.0000000e+00   4.8625226e-01  -1.1491375e-01   1.0194607e-01   1.1909562e+00  -8.0973730e-01   1.7534615e-01   7.6860573e-02   4.6533495e-01  -2.3918241e-01  -5.8434979e-01
   2.0000000e+00  -1.1022433e+00  -7.2033729e-01   1.1044811e+00  -2.1990659e-01  -1.8000758e+00   2.1629034e-01  -4.5574494e-01   2.4014405e-01  -5.4457094e-01   4.0916773e-01
   2.0000000e+00   1.3284371e+00  -3.7340850e-01   1.2250016e+00  -5.7837338e-01   9.1620613e-01   4.0062679e-01   1.3607703e-01  -1.3339651e-01  -1.2287122e+00   1.9985112e-02
   2.0000000e+00   2.7735340e+00  -1.9298117e+00  -4.0609341e-01   6.9709513e-01  -1.0436060e+00   9.7976668e-01   1.4645501e+00  -7.1093489e-03  -1.6379822e+00  -2.3770893e-01
   2.0000000e+00  -9.5463439e-01  -1.4441662e-01   5.4691927e-01   1.3319946e+00  -2.1107953e-01  -8.3338837e-01   4.9490931e-01   5.2279096e-01   8.1686456e-01  -1.0087594e+00
   2.0000000e+00   8.8800333e-01  -2.0852411e-01  -1.5440522e+00   4.1870362e-01  -3.3343759e-01  -8.8591101e-01  -8.4241504e-01   9.6344760e-01  -1.7590129e+00  -8.4343707e-01
   1.0000000e+00   2.0314264e-02   1.1497514e+00  -2.3226085e+00   1.2119583e+00   3.9597700e-01   3.8791681e-01   7.4627904e-02  -1.1919603e-01  -4.7856538e-01   1.0034082e+00
   2.0000000e+00   1.2570558e+00  -7.9940075e-01   1.2055563e+00   3.1287302e-01   2.1303218e+00  -5.6600290e-01   1.9700696e-02   2.8497932e-01  -9.5976147e-01  -1.4583327e-01
   2.0000000e+00  -6.4140210e-01  -1.2742013e+00   1.1564309e-02   9.1796587e-01   2.4105943e-01   7.0018152e-01  -5.2965788e-01  -8.6998754e-01   1.0247317e+00   4.5957930e-01
   2.0000000e+00   1.4792632e+00  -1.1279286e+00  -7.3126787e-01   3.9718697e-01  -7.5423043e-01   5.3541874e-01   2.6933798e-01  -6.9726229e-01  -1.5954737e-01   4.3400086e-01
   2.0000000e+00  -9.4955412e-02  -1.3344299e+00  -5.1688154e-01   1.0121725e+00  -8.4913203e-01   5.4394524e-01   9.6867220e-03   8.0412310e-01   8.3105418e-01  -1.4236768e-01
   2.0000000e+00  -4.7802324e-01   5.5924563e-03  -6.1148634e-01  -5.9960300e-01   9.1069753e-01  -6.3072871e-02  -7.3464739e-01   1.9225516e-02   1.0049665e+00  -2.3869685e-01
   2.0000000e+00  -1.6221722e+00   1.1012715e+00  -1.0866027e+00   5.1154675e-01   9.7834615e-01   6.9351414e-02   1.0326041e+00  -1.3356089e+00  -5.3910290e-01  -9.1436828e-01
   2.0000000e+00  -1.5910987e-01   2.5803165e-01  -9.8448876e-01   8.2707761e-01  -2.3348434e-01  -1.0964592e+00  -1.4149517e+00  -1.2470233e-02   4.8273153e-01   9.4741358e-02
   2.0000000e+00   1.3464421e+00   7.0505842e-01   3.5098169e-01  -5.6838884e-01  -7.5771073e-02   1.2709996e+00  -7.1179101e-01   3.0675990e-01   5.5255610e-01  -4.4741026e-01
   2.0000000e+00  -3.6135622e-01   3.4499551e-01  -4.6584519e-01   2.3905893e-01  -5.5277697e-01  -3.1379188e-01   1.0764941e+00   9.2654201e-01  -1.7879173e-01   1.3092275e+00
   2.0000000e+00   7.4892510e-01   1.0857900e+00   1.1087950e+00   2.2927641e-01  -1.0633826e+00  -4.3076816e-01  -8.8263765e-01  -4.0749369e-01   7.1189087e-01  -1.0348966e-01
   2.0000000e+00   6.1636248e-01  -4.5835402e-01  -8.1883962e-01   6.6461466e-01   1.0672231e+00   5.2479064e-01  -9.8922696e-01  -7.4518319e-01   1.7316106e+00   1.9539738e-01
   2.0000000e+00   7.5264340e-01  -1.2034680e+00   2.6085292e-02  -2.3765686e-01  -1.7558888e-01  -3.9035716e-02  -3.9716970e-01  -4.5298671e-01  -1.1565673e+00   2.0639138e-01
   2.0000000e+00  -7.2824290e-01   1.3873943e+00  -1.2338561e+00  -2.9103604e-01  -6.1297963e-01   6.7498430e-01   1.5209698e+00   5.5492348e-01   1.0844780e+00  -9.5019692e-01
   2.0000000e+00   4.3999194e-01   2.1997416e+00  -1.7082107e+00   8.8404144e-02  -1.6394023e-01   3.9626496e-01  -5.7113149e-01   1.7578008e-01   1.4549344e+00  -1.0504366e+00
   2.0000000e+00  -3.8861240e-01  -7.8984234e-01  -6.0316299e-01   1.4438539e+00  -7.9304945e-01   6.8986466e-01  -2.1665999e-01  -1.1019547e+00   8.0297694e-02  -9.2330050e-02
   1.0000000e+00  -1.0810745e+00  -2.4128682e-01  -4.0663645e-01  -1.9842843e+00   6.4866303e-02   4.2852705e-01  -4.8111963e-01  -5.9183218e-02  -8.2902506e-01  -1.5938415e+00
   2.0000000e+00  -7.5195859e-01  -9.2873327e-01  -1.0158193e+00   1.0352229e-01  -5.7930837e-01  -6.8555896e-01   2.9465182e-01   1.2748893e+00  -1.1079194e+00   4.2576609e-01
   1.0000000e+00   6.6473747e-01   1.2377259e+00  -1.7654689e+00   6.4741079e-01   1.9087564e-01   7.2938309e-01   4.0071326e-01  -2.1960333e-01   1.4423939e+00  -8.9649263e-01
   2.0000000e+00  -1.1695405e+00  -2.3977969e-01   5.0352444e-02  -1.5524704e+00   4.2500322e-01   1.2399398e+00  -9.3027560e-01   1.1100005e+00   1.6567878e+00   1.1158865e-01
   2.0000000e+00   7.3039611e-01  -1.2353885e+00  -1.1421027e-01   1.0646398e+00  -2.0321380e+00   1.0007203e+00  -1.6179865e-02   5.0639156e-01  -6.7359540e-01   1.0197138e+00
   2.0000000e+00   6.7492827e-01  -3.7606853e-01  -4.7816376e-01   6.8093850e-01  -9.8346977e-01   1.0110466e+00   1.0347779e-03  -1.3586616e+00  -9.7507833e-01   8.4890063e-01
   2.0000000e+00   2.7588707e+00  -7.5936860e-01   1.9277555e+00  -9.0891677e-01  -4.7513022e-01  -8.2709351e-01   1.5124408e+00   2.5889004e-01   2.3371239e-01  -1.1955899e+00
   2.0000000e+00  -2.1757411e-01  -4.8874178e-01  -5.5823853e-01  -1.8188547e+00   2.4888409e+00  -1.4251954e-01  -5.2076414e-01   1.5513955e+00   2.8774984e-01   2.1263598e+00
   2.0000000e+00   2.1961205e-01  -5.6505498e-01  -3.3851753e-01  -6.0055227e-01  -3.9982824e-01   1.9400170e+00   3.7649732e-01  -1.0911748e+00   1.7307075e+00  -3.4502683e-01
   2.0000000e+00   8.7874726e-02   2.1611448e-01   6.6500422e-01  -2.6045307e-01  -8.5507292e-01   1.4131461e+00  -1.3710917e-02   2.0403477e-01  -6.0796115e-01  -9.2932763e-01
   2.0000000e+00   9.2401834e-01   5.6714152e-01   4.4658098e-01  -2.6420002e-01  -9.5600007e-01  -1.7456088e+00   3.4574901e-01   1.6213480e+00   3.6824683e-01   8.5212558e-01
   2.0000000e+00  -8.4247226e-01   2.2248210e-01   2.9709665e-01  -2.0478302e-02   4.3823026e-01  -1.4478546e+00   1.5001022e+00   9.0662247e-01   1.0060257e+00   1.5119574e+00
   1.0000000e+00   2.8943863e-01   1.2716071e+00   5.5281748e-01  -5.5894125e-01   2.5921055e-01  -7.9019232e-01  -1.9574759e+00  -2.8845892e-01   1.1649680e-01   1.3559607e-01
   2.0000000e+00  -6.6277575e-01   5.7905280e-01  -2.5140593e-01  -6.1357783e-01  -1.0232371e+00   1.3009888e+00  -2.4803467e-01   1.1898334e+00  -1.8134376e+00  -5.1082087e-01
   2.0000000e+00   1.5423906e+00   1.3470356e+00   1.6524988e+00   3.3492892e-01   1.5469133e+00  -3.8602023e-01   2.0337085e+00  -1.7832644e+00  -9.4464753e-01   9.8501705e-01
   2.0000000e+00  -8.2204049e-02   1.2158037e+00  -1.4102285e+00   1.6978051e-01   7.3457379e-01   9.6757488e-01  -1.0946487e+00   1.9002211e+00   7.6668736e-01  -1.3787929e+00
   2.0000000e+00   1.9344555e+00   6.2859080e-01   1.8251404e+00  -1.2175890e+00  -1.5750705e-01  -1.5121414e+00   2.5771657e-01   7.8004106e-01   1.1983108e+00   5.0476309e-01
   2.0000000e+00   1.1802396e+00  -2.2090904e+00   2.0757675e+00  -4.4784039e-01  -3.1626801e-01  -1.9263248e-01   6.1666549e-01   7.3288631e-01   7.9450973e-02  -1.9162345e+00
   2.0000000e+00  -4.1570882e-01  -1.4696051e+00   8.2559439e-01  -1.3171741e-01  -1.5603291e+00   1.3642980e-01   1.2714955e-01   2.3724126e+00   5.8351639e-01   7.9112503e-01
   1.0000000e+00   6.4320748e-01   1.1060172e+00  -2.6946010e-01  -4.3295841e-02   6.2166536e-01  -3.8167026e-02  -7.1800830e-01  -2.6908623e-01   7.9240513e-01  -4.7389744e-01
   2.0000000e+00  -7.0240507e-02  -1.3010648e-01  -8.0069152e-01   5.7345112e-01  -4.1352145e-01  -1.2076533e+00  -3.6069177e-01  -2.1886547e-01  -6.0013897e-01  -2.1595110e-02
   2.0000000e+00  -6.6318073e-01  -1.6197026e+00  -5.3773093e-01  -3.3139185e-01   1.8554552e-01   9.7209277e-01   6.0274080e-02   1.2624113e+00  -2.0785805e+00  -2.5689251e+00
   1.0000000e+00   1.2397027e-01  -3.8272087e-01   1.4257308e+00  -3.5153613e-02   6.1466560e-02  -2.0270173e-01  -1.0034148e+00   4.3242475e-01  -1.8567965e+00  -2.4874847e-01
   2.0000000e+00  -1.3743307e+00  -1.0627443e+00  -8.9037936e-02   1.1976331e+00   1.0117473e+00  -5.6625681e-01  -2.5921741e-02  -1.0968235e+00  -8.0445196e-01  -6.3698795e-01
   2.0000000e+00   2.1160899e-01   5.2983020e-01   8.7558308e-01   4.2679257e-01  -6.6238414e-01  -2.6331983e-01   1.5534088e-01   9.0001284e-01   1.3960898e+00   1.0504738e+00
   2.0000000e+00  -1.0086409e-01  -1.1204104e-01   7.4594414e-01  -8.6104924e-01  -5.8499614e-01  -2.9555825e-01  -1.5243320e-01  -4.5107718e-01   1.5582504e-01  -1.0916395e-01
   2.0000000e+00  -1.1421704e-01  -2.9048452e-01   1.1016821e+00  -1.0468342e+00  -1.8736393e+00   5.9912304e-01  -1.8043504e-01   1.5021103e+00   2.7463754e-01  -8.0404739e-01
   2.0000000e+00   1.1991685e-01  -4.9816654e-01   3.4216615e-01   2.0158711e-02   3.0918698e-01   8.7583842e-01  -5.2278182e-01  -1.1061759e+00  -1.2241609e+00  -6.7988113e-01
   2.0000000e+00   4.0871072e-01   1.0850571e+00  -1.1847059e+00   3.9070754e-01   6.4571061e-01   5.6881434e-01  -1.8897487e+00   1.0895929e+00  -1.7304610e+00   1.6926761e+00
   1.0000000e+00  -2.9381916e+00  -1.1068165e-01   6.5209853e-01   1.6264462e+00   5.8945830e-01  -2.7485606e+00   1.2358852e+00   4.7718838e-01  -5.9917209e-01  -3.5055042e-01
   2.0000000e+00  -7.3760555e-01  -2.3145096e-01   1.3891639e+00  -1.5345777e+00   6.2149701e-01  -3.6840318e-01  -6.8947215e-02  -8.4705666e-01  -2.9655382e-01  -1.6604553e+00
   2.0000000e+00  -1.2682079e+00   3.8739152e-01   6.2046088e-01  -6.7292014e-01  -3.0740571e-01  -8.0369527e-01  -8.8688464e-01  -4.5547712e-01   5.1119555e-02   3.4167562e-01
   2.0000000e+00  -3.1410958e+00  -6.7117439e-01   8.7097838e-01  -3.8815789e-01  -4.3369897e-01   1.0876340e+00  -4.7325610e-01   8.9216004e-01  -9.1711266e-01   3.1831542e-01
   2.0000000e+00  -9.9847750e-01  -6.8573359e-03  -5.3582331e-01   1.2853731e+00   1.6205748e+00   1.5240852e+00  -8.1620292e-01   1.2006287e+00  -1.2367897e+00   1.7315973e+00
   2.0000000e+00   1.2666188e+00   1.4076820e+00  -3.8330106e-01  -8.8571720e-01   8.3560805e-01   2.9067512e-01  -2.0475697e+00   2.0797367e+00  -4.8031503e-01   1.9081065e+00
   2.0000000e+00  -1.1130534e+00   7.3366063e-01   4.5503042e-01   1.5599975e+00  -2.2295454e+00  -1.2019978e+00   1.2845174e-02   1.7263704e+00   9.2758377e-01  -7.3558305e-02
   2.0000000e+00  -1.0901275e+00  -2.4052124e+00   2.4250566e+00  -1.9164451e+00  -5.7554325e-04   2.2663586e+00  -2.0915586e+00  -5.9376817e-01  -1.4915166e+00   7.0676366e-03
   1.0000000e+00  -7.5332394e-01  -1.6817006e-01  -1.0693555e+00  -2.5237646e-01   4.1919667e-01   1.5344323e+00  -1.2716367e+00   7.1889195e-01  -4.0911063e-01   2.1704545e+00
   2.0000000e+00  -3.1866092e-01   1.5544925e+00  -9.2671862e-01   1.6706449e-01  -7.4856485e-01   8.6671341e-01  -3.0682607e-01  -1.8548130e+00   9.9611464e-01   6.7243279e-01
   2.0000000e+00   3.6547055e-01  -1.4981847e+00  -6.0886480e-01   7.6122473e-01  -3.4584911e-03  -2.2863267e+00   8.6761715e-01   3.6131386e-01  -5.5747309e-01   7.5354767e-01
   2.0000000e+00  -5.8426646e-01   9.9285156e-01  -6.9182228e-02  -1.4613392e+00  -1.1000847e+00  -5.8001686e-02  -4.7188547e-01   9.5636682e-01  -6.0753761e-01   1.0191374e+00
   1.0000000e+00  -1.3191805e-01  -9.4888044e-01   6.4695138e-01  -4.3938814e-01   6.5227574e-01   4.1486521e-01   1.2310938e+00   1.4082482e-01   5.6216791e-01   7.2544035e-01
   2.0000000e+00   5.8265092e-01   1.9746563e+00  -6.1180095e-01   3.1634104e-01  -7.4937400e-01   2.0305456e+00   1.4937957e-01  -5.2000428e-01   7.6530507e-01   4.4597761e-01
   2.0000000e+00   9.6031217e-01  -1.3050388e-01  -5.5906996e-01   1.0412870e+00   5.6614088e-03   1.0300379e+00  -1.6153696e-01   1.8552879e+00  -3.2732013e-01   3.1713318e-01
   2.0000000e+00   4.6573252e-01   5.2472993e-01  -1.0434857e+00  -1.8107620e-01  -4.9639355e-01  -4.9670008e-01   2.2227689e-01  -6.5972655e-01  -8.9109098e-01   2.1793074e-02
   2.0000000e+00  -7.2621466e-01   1.4931714e+00   3.3168334e-02  -1.7777356e+00  -1.3743133e+00   1.7283354e-01  -2.6017361e+00  -5.3776138e-02   1.1733840e+00   1.9345036e+00
   2.0000000e+00   8.3004450e-01  -6.3533085e-01   5.6570061e-01   1.1591264e+00  -1.3380034e+00  -5.3134983e-02   9.0509477e-01  -1.2647661e+00  -1.1450576e+00   1.0380100e-02
   2.0000000e+00   4.9326787e-01  -7.4642259e-02  -4.1384001e-01  -7.1282722e-01  -1.7479712e+00  -9.9813709e-01  -2.3293788e-01  -9.4099375e-01  -8.4581193e-01   1.1669270e+00
   2.0000000e+00  -1.0046536e+00   1.6224525e-01   8.0262331e-01  -3.8266747e-01  -5.4347172e-01   7.4250618e-03   1.9470114e+00  -8.3980652e-01  -6.7816457e-01   9.8153169e-03
   2.0000000e+00   1.2446761e+00  -1.3214225e+00   6.0559925e-01  -5.0153959e-01  -3.2203376e-01   8.7083424e-01   1.2566851e+00   3.7281327e-01   4.1859875e-01  -7.4790887e-01
   2.0000000e+00  -3.6611907e-01   4.7456775e-01   2.2625315e-01  -4.2676080e-01  -9.9388312e-01  -6.9842976e-01   8.8547886e-01  -1.5909684e+00   1.3961467e+00   3.8323512e-01
   2.0000000e+00   2.0301653e+00   7.5968652e-01   2.2820492e-01  -1.1029056e+00  -1.0856784e-01   1.0745514e+00   1.5493107e-01  -2.1121654e+00  -1.5718134e+00   7.6297210e-01
   2.0000000e+00  -1.9353751e-01   3.7208812e-02  -3.7079899e-01   1.6364446e-02  -1.3591045e+00  -9.9489696e-01   1.2611288e-02   1.4568849e+00  -3.7398106e-01   1.6719550e+00
   2.0000000e+00   4.4576930e-01   5.2416080e-01  -1.2484105e+00   1.6776674e+00  -2.9430264e-01   1.7829387e-01   1.7203207e+00   4.8123682e-01   1.0988182e+00   8.8299096e-02
   2.0000000e+00  -1.2947445e+00  -9.4060536e-02   4.8111778e-01   1.1716496e+00   1.3655691e+00   2.4693058e+00  -1.9052442e-01  -2.3721411e-01   5.1756300e-01   8.8764477e-01
   2.0000000e+00   2.0159739e+00   1.1821585e-01  -2.9698117e-01   6.1453722e-01  -4.1546177e-02   6.8097073e-02  -1.7241866e+00   4.1999759e-01   1.8632009e-01   1.2711216e+00
   2.0000000e+00   1.1999045e+00  -4.6627108e-02   4.4377901e-01   1.2969028e+00  -4.1806457e-01   7.7411424e-01   1.2162075e+00  -2.9435731e-01   9.5836631e-01  -1.2915179e+00
   1.0000000e+00  -3.0581659e-01  -8.3662338e-01  -9.2663351e-01  -8.2108509e-01   3.1738347e-01  -1.0506510e-01   6.8038945e-02   1.9617249e-02   8.0426568e-01  -1.9275164e+00
   2.0000000e+00   6.8717184e-01  -5.9703755e-01   1.5453450e-01   3.7125783e-01   5.0563117e-02  -5.9258154e-01  -4.6032798e-01  -9.9370761e-01   5.1225773e-01   4.0737857e-01
   2.0000000e+00  -6.3703646e-01  -1.5807076e+00  -5.8574712e-01  -7.7402595e-01  -6.5326193e-01   6.8042395e-02  -1.3761179e+00   8.3314563e-01  -5.8216041e-01   4.4261205e-01
   1.0000000e+00  -5.0201408e-01   2.5973616e-01   1.1498926e+00   1.4513386e+00   3.2084640e-02  -8.4413557e-01   1.3141624e-01  -6.5121583e-01   3.8489824e-01   7.5381448e-01
   2.0000000e+00   2.8533410e-01  -3.7549596e-01   1.5054145e-01  -5.2701068e-01  -9.7350753e-01  -7.9596546e-01  -1.1107215e+00  -1.1795725e+00   2.0200216e-01   5.3500645e-01
   2.0000000e+00   5.7492218e-01   7.2128088e-01  -1.5938485e+00   5.9344394e-02   9.0736524e-01  -7.3711985e-01   5.9322081e-01  -3.4738829e-01   5.5542190e-01  -2.6336580e-01
   1.0000000e+00   4.1894387e-01  -1.8674556e-02  -6.5244300e-01  -6.6112430e-01   4.0373288e-01  -1.5314769e+00   6.0313184e-01  -1.9663389e-01  -9.2104879e-01  -5.3359341e-01
   2.0000000e+00   2.9925387e-01   9.6056121e-01  -1.3601034e+00  -2.1800922e-01  -7.0210880e-02   1.1973240e+00   1.7687265e-02  -1.6241812e+00   5.1663063e-01   1.4199792e-01
   1.0000000e+00  -1.4774980e+00   1.4689371e+00  -1.3519534e-02  -2.0970280e-01   6.0879842e-01  -1.2100923e+00   2.5417569e-01   1.6352915e-01  -2.1592564e+00  -1.7237008e-01
   2.0000000e+00   6.1850872e-01   2.2024308e+00   1.5727626e+00  -4.9634133e-01   1.9864815e+00   9.1027851e-01  -1.4609140e+00   4.6932503e-01  -8.0272000e-02   1.6298498e+00
   1.0000000e+00  -8.4816304e-01  -8.0788130e-01  -1.2327342e-01  -7.4426296e-01   4.6734020e-01  -1.3091416e+00   1.1600148e+00   1.8776321e-01   3.7051948e-01  -7.2400589e-01
   2.0000000e+00   5.5388426e-02   2.1084019e-02   5.5980951e-01  -5.0305479e-01  -9.6866688e-01   1.6844906e+00  -4.6637841e-01   1.3703206e+00  -1.0932895e+00   6.5153421e-01
   2.0000000e+00  -7.5312923e-01  -1.2645813e+00  -1.1274241e+00  -5.5439317e-01  -6.0921824e-01  -4.7186369e-02   9.4675249e-02   1.4790207e+00  -6.2770203e-01   1.0448695e+00
   2.0000000e+00  -2.3179925e-01  -2.7694122e-01  -2.0643533e+00  -2.0937656e+00  -6.1674045e-01  -3.9024826e-01   3.6334128e-01   7.1572018e-01  -2.0272418e+00  -1.6945128e+00
   2.0000000e+00  -1.1837796e-02  -4.6586617e-01   3.1996814e-01  -1.0954620e+00  -1.6660398e+00  -5.1789569e-01   1.2865938e+00   4.0032364e-01  -1.3694471e-01  -1.0033541e+00
